     1     5  182303.8-032358   18.38441   -3.39944  2.00E-2  3.20E-2    0.11   0.05  11.5  4.5    1.3    1.3    3.3    0.7    0.9    3.6   3.6  prestellar          
     2     6  182320.8-030539   18.38913   -3.09436  1.90E-2  3.20E-2    0.10   0.05  11.5  4.5    1.1    1.1    3.1    0.6    0.8    3.5   3.9  prestellar          
     3     8  182325.5-030410   18.39043   -3.06956  3.40E-2  4.80E-2    0.67   0.23   9.6  0.7    7.2    3.5    6.9    3.5    1.6    4.5   1.0  prestellar          
     4    10  182331.8-030327   18.39218   -3.05772  7.60E-2  8.10E-2    2.13   0.60   9.8  0.6    6.4    3.9    4.3    2.2    1.1    1.2   0.7  prestellar          
     5    14  182345.6-025551   18.39601   -2.93108  4.30E-2  4.80E-2    0.67   0.44   9.8  1.4    7.6    3.4    4.4    3.7    1.5    2.3   1.3  prestellar          
     6    15  182347.5-025532   18.39653   -2.92561  2.40E-2  3.80E-2    0.18   0.09  11.5  4.5    1.7    1.5    3.6    0.9    0.9    3.2   2.7  prestellar          
     7    16  182352.2-025550   18.39785   -2.93078  1.50E-2  2.80E-2    0.22   0.24   9.6  1.9    4.3    3.5   12.2    2.7    2.8   18.3   1.3  prestellar          
     8    21  182410.1-034403   18.40282   -3.73428  4.30E-2  5.10E-2    0.32   0.04  12.7  1.3    2.8    1.5    2.0    1.3    0.6    1.0   2.7  prestellar          
     9    27  182500.5-030133   18.41682   -3.02589  2.70E-2  4.10E-2    0.84   0.30   8.9  0.6   10.4    5.9   13.6    5.5    3.2   10.9   0.6  prestellar          
    10    29  182509.9-035115   18.41943   -3.85436  2.60E-2  3.50E-2    0.15   0.03  12.6  0.5    2.8    1.4    2.6    1.6    0.9    2.2   3.5  prestellar          
    11    30  182510.2-025845   18.41950   -2.97933  3.10E-2  3.90E-2    0.57   0.28  11.5  4.5    9.9    4.4    6.8    5.4    2.5    4.8   1.1  prestellar          
    12    33  182513.7-025858   18.42050   -2.98283  3.20E-2  3.90E-2    0.51   0.08  11.6  0.4   10.1    3.9    5.9    5.5    2.2    4.0   1.2  prestellar          
    13    34  182517.0-025540   18.42139   -2.92794  2.00E-2  3.10E-2    0.10   0.05  11.5  4.5    1.2    1.2    2.9    0.7    0.9    3.2   3.9  prestellar          
    14    38  182531.6-024905   18.42547   -2.81822  1.20E-1  1.20E-1    1.01   0.51  11.5  4.5    2.1    0.8    0.9    0.5    0.1    0.2   2.3  prestellar          
    15    39  182536.5-030001   18.42681   -3.00053  1.20E-1  1.30E-1    1.97   0.71  11.4  0.9    4.7    1.5    1.5    1.1    0.3    0.3   1.2  prestellar          
    16    48  182633.0-034415   18.44250   -3.73750  6.90E-2  7.40E-2    0.61   0.31  11.5  4.5    2.8    1.3    1.5    1.0    0.4    0.5   2.2  prestellar          
    17    49  182641.0-033626   18.44472   -3.60742  1.80E-2  2.90E-2    0.15   0.09  10.3  1.3    3.5    2.2    5.6    2.1    1.6    6.7   2.3  prestellar          
    18    50  182642.9-032851   18.44525   -3.48089  2.00E-2  3.20E-2    0.47   0.23   9.2  0.9    7.1    5.5   14.2    4.3    3.8   15.8   0.8  prestellar          
    19    51  182644.1-032606   18.44559   -3.43525  2.80E-2  4.10E-2    0.21   0.11  11.5  4.5    2.4    1.5    3.3    1.3    0.8    2.6   2.6  prestellar          
    20    53  182705.3-025212   18.45149   -2.87017  3.90E-2  4.50E-2    0.33   0.05  13.5  0.6    4.7    1.9    2.6    2.4    0.9    1.5   2.3  prestellar          
    21    56  182714.2-034441   18.45395   -3.74475  2.60E-2  3.50E-2    0.37   0.32   9.1  1.6    6.0    3.5    6.7    3.4    2.2    5.7   1.4  prestellar          
    22    57  182720.7-035109   18.45576   -3.85261  2.70E-2  4.10E-2    0.18   0.12  10.6  1.6    2.5    1.2    2.9    1.3    0.6    2.3   3.0  prestellar          
    23    60  182722.1-005034   18.45614   -0.84289  3.00E-2  3.90E-2    0.44   0.22  11.5  4.5    4.9    3.4    5.7    2.7    1.9    4.1   1.4  prestellar          
    24    61  182722.5-034207   18.45627   -3.70211  5.30E-2  5.80E-2    1.96   0.87   8.7  0.8   14.5    6.8    8.2    6.3    2.6    3.4   0.5  prestellar          
    25    63  182730.2-035032   18.45841   -3.84236  3.70E-2  5.10E-2    1.95   0.85  10.4  1.3   18.8    8.7   16.9    8.8    3.7   10.0   0.4  prestellar          
    26    65  182734.9-033936   18.45971   -3.66014  3.50E-2  4.60E-2    0.62   0.34  10.1  1.1    9.3    3.5    5.9    4.6    1.6    3.7   1.1  prestellar          
    27    70  182743.2-041648   18.46202   -4.28019  2.70E-2  3.60E-2    0.15   0.07  13.0  1.3    3.6    1.4    2.5    2.0    0.9    2.0   3.5  prestellar          
    28    72  182745.2-041719   18.46256   -4.28872  5.60E-2  6.10E-2    0.80   0.26  10.9  0.8    7.9    2.5    3.0    3.3    0.9    1.2   1.4  prestellar          
    29    73  182745.3-033013   18.46259   -3.50375  7.10E-2  7.50E-2    0.52   0.13  12.4  0.8    3.1    1.1    1.2    1.1    0.3    0.4   2.7  prestellar          
    30    74  182747.2-033940   18.46313   -3.66122  3.80E-2  4.50E-2    0.21   0.11  11.5  4.5    2.6    1.3    1.8    1.3    0.6    1.0   3.5  prestellar          
    31    75  182748.6-003311   18.46352   -0.55328  4.80E-2  5.30E-2    0.41   0.10  11.3  0.6    5.1    1.7    2.1    2.3    0.7    1.0   2.3  prestellar          
    32    80  182755.3-033037   18.46537   -3.51036  5.10E-2  5.60E-2    0.60   0.20  11.6  0.9    6.2    2.3    2.7    2.7    0.9    1.2   1.7  prestellar          
    33    81  182756.5-025711   18.46570   -2.95314  2.60E-2  3.70E-2    0.15   0.08  11.5  4.5    1.9    1.3    2.7    1.0    0.8    2.3   3.3  prestellar          
    34    82  182756.9-034357   18.46583   -3.73250  3.90E-2  4.50E-2    0.24   0.09  14.7  1.4    3.2    1.4    1.9    1.6    0.7    1.1   3.1  prestellar          
    35    84  182757.5-034046   18.46598   -3.67944  7.20E-2  7.80E-2    4.55   1.06  10.2  0.6   37.3    8.9   10.5   13.0    2.5    3.2   0.3  prestellar          
    36    85  182758.8-034948   18.46635   -3.83008  3.60E-2  4.30E-2    2.00   0.30  12.9  0.3   15.1   12.8   18.8    7.9    6.5   11.6   0.4  prestellar          
    37    86  182801.9-033921   18.46720   -3.65586  1.90E-2  3.10E-2    0.10   0.05  11.5  4.5    1.2    1.2    3.2    0.8    0.8    3.7   3.8  prestellar          
    38    87  182803.8-012214   18.46775   -1.37078  4.00E-2  4.80E-2    1.96   0.53   8.9  0.5   24.0   10.2   14.7   11.7    4.7    8.1   0.4  prestellar          
    39    89  182806.6-034720   18.46852   -3.78897  2.20E-2  3.30E-2    0.20   0.10  11.5  4.5   12.6    2.2    4.9    7.4    1.4    4.8   2.2  prestellar          
    40    90  182806.6-034623   18.46852   -3.77314  4.20E-2  4.80E-2    0.80   0.41  13.3  1.7   18.3    4.1    5.5    8.9    1.9    2.9   1.0  prestellar          
    41    93  182809.3-013354   18.46927   -1.56514  4.00E-2  4.60E-2    0.41   0.17  10.9  1.2    5.7    2.3    3.1    2.8    1.1    1.7   1.9  prestellar          
    42    94  182809.9-013450   18.46942   -1.58067  6.10E-2  6.50E-2    0.94   0.30  12.0  1.1    7.0    2.7    3.0    2.8    0.9    1.1   1.3  prestellar          
    43    95  182810.0-015110   18.46944   -1.85300  9.00E-2  9.30E-2    1.27   0.51  11.9  1.3    5.3    1.7    1.9    1.6    0.4    0.4   1.4  prestellar          
    44    96  182810.1-034656   18.46947   -3.78236  5.30E-2  5.70E-2    0.76   0.26  12.8  1.0   18.0    2.8    3.3    7.9    1.1    1.4   1.4  prestellar          
    45    98  182813.0-034735   18.47029   -3.79328  2.10E-2  3.20E-2    0.21   0.10  11.5  4.5    8.0    2.4    5.5    4.7    1.6    5.6   2.0  prestellar          
    46   100  182814.4-032915   18.47067   -3.48756  7.50E-2  7.90E-2    0.67   0.33  11.5  4.5    2.7    1.3    1.4    0.9    0.4    0.4   2.2  prestellar          
    47   102  182816.4-013939   18.47123   -1.66086  1.70E-2  2.90E-2    0.09   0.05  11.5  4.5    1.2    1.3    3.9    0.8    1.0    5.0   3.6  prestellar          
    48   104  182816.9-013756   18.47138   -1.63228  3.80E-2  4.50E-2    0.31   0.15  11.5  4.5    4.0    1.8    2.5    2.1    0.9    1.4   2.5  prestellar          
    49   107  182819.7-034522   18.47214   -3.75633  1.80E-2  2.90E-2    0.08   0.04  11.5  4.5    1.0    1.1    2.9    0.6    0.8    3.5   4.4  prestellar          
    50   108  182820.5-013857   18.47238   -1.64917  5.20E-2  5.80E-2    2.61   0.47   9.6  0.3   17.5    9.2   11.3    7.6    3.5    4.7   0.4  prestellar          
    51   110  182822.8-041353   18.47302   -4.23164  3.80E-2  4.60E-2    1.60   0.35   9.0  0.4   19.5    9.0   12.9    9.7    4.3    7.3   0.5  prestellar          
    52   111  182822.9-034502   18.47304   -3.75072  1.90E-2  3.00E-2    0.19   0.14  10.0  1.5    4.7    2.5    6.3    2.9    1.8    7.3   2.0  prestellar          
    53   112  182823.2-034308   18.47313   -3.71908  3.00E-2  3.90E-2    0.32   0.20  10.3  1.4    5.6    2.5    4.1    3.1    1.4    2.9   1.9  prestellar          
    54   115  182825.9-015316   18.47388   -1.88792  5.00E-2  5.60E-2    0.94   0.47  11.5  4.5    9.8    3.6    4.5    4.3    1.4    2.0   1.0  prestellar          
    55   116  182827.5-015332   18.47431   -1.89222  3.50E-2  4.30E-2    0.91   0.33   9.3  0.8    8.1    5.8    8.7    4.2    2.9    5.4   0.8  prestellar          
    56   117  182828.5-015514   18.47461   -1.92067  4.10E-2  5.00E-2    0.32   0.16  11.5  4.5    6.7    1.5    2.3    3.2    0.7    1.2   2.5  prestellar          
    57   118  182829.0-034241   18.47474   -3.71147  3.00E-2  3.90E-2    0.17   0.08  11.5  4.5    2.2    1.3    2.2    1.2    0.8    1.7   3.5  prestellar          
    58   120  182830.9-034733   18.47526   -3.79261  8.70E-2  9.10E-2    5.81   1.60   8.6  0.5   19.8    8.4    9.0    6.1    2.0    2.3   0.3  prestellar          
    59   121  182831.7-034158   18.47549   -3.69947  3.80E-2  4.40E-2    1.03   0.44   8.1  0.7    9.4    6.2    8.5    4.8    3.1    4.9   0.7  prestellar          
    60   122  182831.8-013957   18.47551   -1.66589  1.30E-2  2.50E-2    0.13   0.06  11.5  4.5    1.7    2.4    8.4    1.1    2.1   13.8   2.1  prestellar          
    61   123  182832.0-015356   18.47558   -1.89908  6.20E-2  6.70E-2   10.15   1.54   8.4  0.3   31.1   27.3   31.0   12.2    9.0   10.9   0.1  prestellar          
    62   124  182832.2-013353   18.47564   -1.56486  3.60E-2  4.30E-2    0.18   0.09  11.4  1.4    4.4    1.2    1.7    2.3    0.6    1.0   3.8  prestellar          
    63   125  182838.4-013424   18.47736   -1.57333  1.80E-2  2.90E-2    0.08   0.04  11.5  4.5    1.1    1.1    2.9    0.7    0.8    3.5   4.5  prestellar          
    64   127  182841.2-013636   18.47813   -1.61019  2.60E-2  3.80E-2    0.16   0.08  11.5  4.5    2.6    1.3    2.8    1.4    0.7    2.4   3.2  prestellar          
    65   128  182844.0-012954   18.47890   -1.49839  3.70E-2  4.40E-2    1.84   0.60   7.5  0.5   20.0   11.3   16.0   10.3    5.6    9.5   0.4  prestellar          
    66   129  182844.3-012829   18.47898   -1.47492  5.80E-2  6.20E-2    2.12   0.45  10.1  0.5   20.5    6.5    7.5    8.4    2.3    2.9   0.5  prestellar          
    67   131  182846.7-013749   18.47966   -1.63044  2.00E-2  3.10E-2    0.40   0.11  11.5  0.5   11.9    4.8   11.5    7.1    3.4   12.3   1.0  prestellar          
    68   132  182847.2-012738   18.47980   -1.46078  7.00E-2  7.40E-2    5.00   1.05   8.9  0.4   19.1   11.0   12.2    6.9    3.3    3.8   0.3  prestellar          
    69   134  182847.9-034632   18.48000   -3.77558  4.10E-2  4.80E-2    0.34   0.20  10.6  1.4    3.5    1.8    2.4    1.7    0.8    1.3   2.4  prestellar          
    70   136  182849.7-014806   18.48047   -1.80192  6.00E-2  6.50E-2    0.94   0.28  11.6  1.0    9.9    2.7    3.1    4.0    0.9    1.1   1.3  prestellar          
    71   140  182857.1-011953   18.48255   -1.33158  3.40E-2  4.20E-2    0.30   0.19  10.5  1.5    5.4    2.0    3.0    2.8    1.0    1.9   2.2  prestellar          
    72   141  182857.2-014323   18.48257   -1.72322  3.00E-2  4.10E-2    1.42   0.64   8.5  0.7   18.9   10.0   18.6   10.1    5.4   13.6   0.4  prestellar          
    73   142  182857.9-014207   18.48275   -1.70197  2.90E-2  3.70E-2    0.63   0.30  10.4  0.8   13.4    5.4    9.2    7.5    3.2    7.0   0.9  prestellar          
    74   144  182859.1-025746   18.48310   -2.96303  8.60E-2  8.90E-2    0.93   0.38  13.4  1.5    3.0    1.4    1.5    0.9    0.3    0.4   1.8  prestellar          
    75   145  182859.4-020430   18.48318   -2.07511  1.90E-2  3.10E-2    0.13   0.07  12.2  1.3    2.3    1.6    4.3    1.4    1.1    4.9   2.8  prestellar          
    76   146  182859.4-014437   18.48319   -1.74375  3.30E-2  4.30E-2    0.39   0.17  11.0  1.1    8.5    2.5    4.2    4.4    1.3    2.8   1.7  prestellar          
    77   148  182901.5-020746   18.48376   -2.12967  1.60E-2  2.80E-2    0.08   0.05  13.8  2.1    1.8    1.3    3.7    1.2    1.0    5.0   4.0  prestellar          
    78   149  182902.8-014744   18.48412   -1.79556  2.90E-2  4.00E-2    0.19   0.09  11.8  1.4    4.0    1.4    2.7    2.2    0.8    2.0   3.0  prestellar          
    79   152  182903.7-013303   18.48436   -1.55103  3.30E-2  4.00E-2    0.31   0.26   9.8  1.7    4.3    2.2    3.3    2.3    1.2    2.2   2.1  prestellar          
    80   153  182903.8-014244   18.48441   -1.71242  3.60E-2  4.20E-2    1.07   0.25  10.3  0.5   16.2    7.0   10.0    8.5    3.6    6.1   0.7  prestellar          
    81   158  182906.5-020557   18.48515   -2.09936  1.10E-2  2.40E-2    1.18   0.47   9.4  0.8   19.9   24.6  106.5   13.1   22.6  203.6   0.2  prestellar          
    82   159  182906.8-014726   18.48523   -1.79061  4.10E-2  4.90E-2    0.63   0.23  10.3  0.9    8.9    3.1    4.5    4.3    1.4    2.4   1.3  prestellar          
    83   162  182908.3-020528   18.48564   -2.09136  5.50E-2  6.00E-2    3.10   0.33  13.1  0.4   30.3   10.1   12.0   12.7    3.7    4.8   0.4  prestellar          
    84   164  182908.9-015122   18.48583   -1.85614  4.20E-2  4.90E-2    0.23   0.12  11.5  4.5    2.3    1.2    1.6    1.1    0.5    0.8   3.5  prestellar          
    85   165  182909.1-015401   18.48588   -1.90031  2.90E-2  4.10E-2    0.16   0.08  11.5  4.5    2.0    1.2    2.3    1.1    0.6    1.7   3.5  prestellar          
    86   166  182909.9-030521   18.48610   -3.08933  6.30E-2  6.80E-2    0.48   0.30  12.8  2.1    3.2    1.2    1.4    1.2    0.4    0.5   2.6  prestellar          
    87   167  182910.0-013445   18.48612   -1.57925  5.10E-2  5.60E-2    0.37   0.18  11.5  4.5    3.1    1.4    1.7    1.4    0.6    0.7   2.7  prestellar          
    88   168  182911.3-014441   18.48649   -1.74492  5.00E-2  5.60E-2    0.33   0.17  11.5  4.5    3.1    1.2    1.5    1.4    0.5    0.7   3.0  prestellar          
    89   169  182911.4-013103   18.48652   -1.51767  3.00E-2  3.80E-2    0.42   0.21  11.5  4.5    4.9    3.5    5.6    2.7    2.0    4.0   1.4  prestellar          
    90   170  182911.5-034316   18.48655   -3.72128  2.70E-2  3.80E-2    0.97   0.33   8.9  0.7   20.8    8.0   15.2   11.5    4.6   12.2   0.6  prestellar          
    91   176  182913.9-011742   18.48719   -1.29522  4.30E-2  5.10E-2    0.81   0.30   9.5  0.7    8.5    3.7    5.3    4.0    1.6    2.7   1.0  prestellar          
    92   177  182914.8-014950   18.48745   -1.83081  4.10E-2  4.80E-2    0.66   0.17  10.4  0.6    5.5    3.3    4.7    2.7    1.5    2.5   1.2  prestellar          
    93   180  182916.6-015040   18.48796   -1.84450  3.40E-2  4.10E-2    0.45   0.12  10.3  0.7   10.9    3.1    4.7    5.8    1.6    3.1   1.5  prestellar          
    94   181  182916.8-013020   18.48803   -1.50578  1.90E-2  3.00E-2    0.09   0.04  11.5  4.5    1.4    1.1    2.8    0.8    0.8    3.2   4.3  prestellar          
    95   182  182917.3-020338   18.48816   -2.06064  1.90E-2  3.00E-2    0.55   0.16  10.6  0.7   10.4    7.2   17.7    6.4    5.3   20.2   0.7  prestellar          
    96   183  182918.0-011527   18.48834   -1.25761  5.70E-2  6.20E-2    0.40   0.17  12.5  1.5    3.3    1.3    1.5    1.4    0.4    0.6   2.8  prestellar          
    97   185  182918.7-034503   18.48854   -3.75083  3.30E-2  4.10E-2    2.16   0.58   8.0  0.5   32.8   15.6   23.4   17.6    8.4   15.5   0.3  prestellar          
    98   188  182919.2-034254   18.48867   -3.71511  2.10E-2  3.40E-2    0.17   0.11  11.0  1.6    3.3    1.7    4.4    1.9    1.1    4.6   2.5  prestellar          
    99   189  182919.4-015303   18.48872   -1.88433  8.30E-2  8.70E-2    3.15   0.83   9.0  0.5   11.2    5.0    5.4    3.6    1.3    1.4   0.5  prestellar          
   100   191  182920.0-015343   18.48890   -1.89542  4.50E-2  5.20E-2    0.42   0.20  11.0  1.1    4.8    1.8    2.5    2.2    0.8    1.2   2.1  prestellar          
   101   192  182920.1-013618   18.48892   -1.60522  3.20E-2  4.00E-2    1.65   0.34   8.7  0.4   24.0   12.3   18.8   12.9    6.7   12.8   0.4  prestellar          
   102   194  182920.7-013644   18.48909   -1.61242  2.00E-2  3.00E-2    0.53   0.15  10.0  0.6   15.9    6.9   16.4    9.7    5.0   18.3   0.7  prestellar          
   103   195  182921.0-015754   18.48917   -1.96525  5.40E-2  5.90E-2    1.22   0.32  10.6  0.7   18.5    4.2    4.9    7.9    1.6    2.0   0.9  prestellar          
   104   197  182921.1-020048   18.48920   -2.01344  5.60E-2  6.10E-2    0.53   0.19  11.8  0.8    3.2    1.7    2.0    1.3    0.6    0.8   2.1  prestellar          
   105   198  182921.2-013437   18.48922   -1.57703  3.20E-2  4.50E-2    0.48   0.24  11.5  4.5    4.8    2.8    5.5    2.4    1.4    3.7   1.3  prestellar          
   106   199  182922.0-042510   18.48944   -4.41947  2.60E-2  3.50E-2    0.17   0.71  12.1  1.5    6.3    1.7    3.0    3.7    1.1    2.6   3.0  prestellar          
   107   200  182922.2-015558   18.48952   -1.93297  2.30E-2  3.30E-2    0.30   0.11  10.7  0.8    8.1    3.3    6.8    4.8    2.2    6.5   1.5  prestellar          
   108   201  182922.5-030248   18.48961   -3.04683  2.90E-2  3.90E-2    0.72   0.34   8.9  1.0    9.5    5.5   10.3    5.1    3.0    7.9   0.8  prestellar          
   109   204  182923.9-013956   18.48999   -1.66575  5.20E-2  5.70E-2    0.37   0.18  11.5  4.5    3.6    1.4    1.6    1.6    0.5    0.7   2.8  prestellar          
   110   205  182924.1-043934   18.49004   -4.65947  3.50E-2  4.20E-2    0.53   0.23   9.6  0.9    7.2    3.6    5.3    3.8    1.9    3.3   1.3  prestellar          
   111   207  182924.6-015818   18.49019   -1.97186  3.20E-2  4.00E-2    0.85   0.25  10.2  0.7   12.8    6.2    9.9    6.9    3.4    6.8   0.7  prestellar          
   112   211  182926.4-034452   18.49067   -3.74797  3.20E-2  3.90E-2    1.36   0.32   9.5  0.5   20.6   10.4   16.1   11.2    5.8   11.1   0.5  prestellar          
   113   212  182926.4-014940   18.49068   -1.82783  2.20E-2  3.40E-2    0.80   0.35   8.7  0.8   20.8    8.2   19.1   12.1    5.3   18.9   0.6  prestellar          
   114   213  182926.7-034343   18.49075   -3.72886  2.30E-2  3.60E-2    1.09   0.51   8.1  0.8   17.2    9.7   23.9    9.7    5.9   22.6   0.4  prestellar          
   115   216  182928.1-014413   18.49114   -1.73706  1.80E-2  3.00E-2    0.09   0.05  11.5  4.5    1.2    1.2    3.4    0.7    0.8    4.1   3.9  prestellar          
   116   217  182928.3-024920   18.49120   -2.82239  1.10E-1  1.10E-1    1.39   0.42  12.5  1.1    4.8    1.4    1.5    1.3    0.3    0.3   1.5  prestellar          
   117   219  182929.9-034239   18.49164   -3.71094  2.90E-2  3.80E-2    0.53   0.35   8.5  1.1    7.4    4.5    7.7    4.1    2.6    5.9   1.1  prestellar          
   118   220  182930.3-014929   18.49175   -1.82478  3.50E-2  4.20E-2    0.20   0.10  11.5  4.5    3.6    1.4    2.0    1.9    0.7    1.2   3.4  prestellar          
   119   221  182931.0-014006   18.49197   -1.66847  2.90E-2  3.70E-2    1.02   0.28   8.8  0.5   18.5    8.8   14.7   10.3    5.2   11.2   0.6  prestellar          
   120   222  182931.1-014401   18.49200   -1.73381  3.20E-2  4.40E-2    0.43   0.19  10.1  1.0    7.2    2.7    4.9    3.7    1.3    3.3   1.5  prestellar          
   121   223  182931.4-014834   18.49206   -1.80961  5.80E-2  6.40E-2    1.26   0.46  10.6  1.0   17.6    3.6    4.5    7.1    1.2    1.7   0.9  prestellar          
   122   224  182933.6-025547   18.49268   -2.92997  6.40E-2  6.80E-2    0.46   0.15  13.2  1.2    4.1    1.2    1.3    1.6    0.4    0.5   2.7  prestellar          
   123   225  182933.8-015055   18.49274   -1.84883  2.30E-2  3.50E-2    1.13   0.52   8.4  0.8    7.7   11.3   24.8    4.5    7.1   23.3   0.4  prestellar          
   124   227  182934.3-014328   18.49287   -1.72450  2.60E-2  3.50E-2    0.16   0.08  11.5  4.5    2.3    1.5    2.7    1.3    0.9    2.3   3.3  prestellar          
   125   228  182934.4-014545   18.49290   -1.76261  5.10E-2  5.60E-2    0.52   0.26  11.5  4.5    4.8    2.0    2.4    2.1    0.8    1.0   1.9  prestellar          
   126   231  182935.7-015638   18.49327   -1.94406  1.50E-2  2.70E-2    0.09   0.04  11.5  4.5    1.2    1.4    4.3    0.8    1.1    6.1   3.6  prestellar          
   127   234  182936.3-012542   18.49343   -1.42853  3.10E-2  4.00E-2    0.28   0.20  10.3  2.0    4.4    2.1    3.4    2.4    1.1    2.4   2.2  prestellar          
   128   235  182936.5-014634   18.49348   -1.77628  1.10E-2  2.30E-2    0.06   0.03  11.5  4.5    2.5    1.3    5.2    1.7    1.2    9.9   3.9  prestellar          
   129   237  182937.4-014856   18.49374   -1.81575  2.20E-2  3.40E-2    0.32   0.21  10.1  1.5    9.2    3.2    8.0    5.3    2.1    8.1   1.3  prestellar          
   130   239  182938.0-015058   18.49391   -1.84964  1.70E-2  2.90E-2    3.20   0.58  12.8  1.6   45.6   45.1  128.3   28.2   34.1  163.4   0.1  prestellar          
   131   240  182939.2-014602   18.49425   -1.76747  7.90E-2  8.20E-2    1.36   0.68  11.5  4.5    5.2    2.4    2.6    1.7    0.6    0.7   1.1  prestellar          
   132   241  182941.1-020147   18.49477   -2.02981  3.10E-2  3.90E-2    0.32   0.15  10.4  1.3    8.2    2.4    3.9    4.4    1.3    2.8   1.9  prestellar          
   133   242  182941.1-021339   18.49477   -2.22753  1.80E-2  2.90E-2    0.40   0.71   9.1  0.8    6.2    5.5   14.0    3.9    4.1   16.6   0.9  prestellar          
   134   243  182941.2-015327   18.49479   -1.89083  2.90E-2  4.30E-2    1.36   0.61   8.5  0.9    6.1    8.7   19.1    3.2    4.5   14.4   0.4  prestellar          
   135   244  182941.3-031405   18.49483   -3.23492  2.30E-2  3.50E-2    0.13   0.06  11.5  4.5    1.5    1.2    2.7    0.9    0.8    2.5   3.7  prestellar          
   136   245  182941.4-013413   18.49484   -1.57047  5.60E-2  6.10E-2    1.31   0.52  10.4  1.0    9.5    4.1    5.0    3.9    1.5    1.9   0.8  prestellar          
   137   246  182942.0-013321   18.49500   -1.55583  2.80E-2  3.70E-2    0.53   0.17  10.1  0.7   10.4    4.7    7.9    5.9    2.8    6.1   1.0  prestellar          
   138   247  182942.1-015007   18.49504   -1.83542  2.80E-2  3.80E-2    7.55   1.31   8.0  0.3  121.5   61.3  111.8   67.0   35.1   86.5   0.1  prestellar          
   139   252  182944.0-015713   18.49557   -1.95378  2.00E-2  3.10E-2    0.32   0.08  11.2  0.6    6.4    4.0    9.7    3.8    2.8   10.8   1.2  prestellar          
   140   253  182944.1-024254   18.49561   -2.71508  2.90E-2  3.70E-2    0.36   0.16   9.4  0.9    5.3    3.1    5.1    3.0    1.8    3.9   1.6  prestellar          
   141   254  182944.9-015457   18.49581   -1.91586  1.80E-2  2.90E-2    0.10   0.05  11.5  4.5    3.4    1.4    3.8    2.1    1.0    4.7   3.6  prestellar          
   142   255  182945.5-013523   18.49599   -1.58997  1.90E-2  3.00E-2    0.30   0.15  11.5  4.5    3.2    4.0    9.5    2.0    2.9   10.7   1.3  prestellar          
   143   256  182946.1-015248   18.49616   -1.88025  3.70E-2  4.40E-2    1.13   0.61   7.6  0.8   14.7    6.8    9.6    7.5    3.3    5.7   0.7  prestellar          
   144   257  182946.7-020135   18.49631   -2.02647  4.10E-2  4.90E-2    0.29   0.15  11.5  4.5    3.1    1.5    2.1    1.5    0.7    1.1   2.8  prestellar          
   145   258  182946.7-021219   18.49632   -2.20553  2.20E-2  3.50E-2    0.35   0.21  10.3  1.6    9.6    3.4    8.1    5.6    2.2    7.9   1.3  prestellar          
   146   259  182946.8-020653   18.49635   -2.11492  3.50E-2  4.20E-2    1.59   0.19  11.9  0.3   18.2   10.8   15.5    9.6    5.7    9.8   0.4  prestellar          
   147   261  182947.4-015324   18.49652   -1.89011  3.20E-2  4.40E-2    2.38   1.13   7.8  0.7    6.3   14.7   27.8    3.2    7.4   19.1   0.3  prestellar          
   148   262  182947.4-013447   18.49652   -1.57992  1.50E-2  2.60E-2    0.10   0.05  11.5  4.5    1.4    1.8    5.5    0.9    1.5    8.1   2.9  prestellar          
   149   263  182948.3-013555   18.49676   -1.59875  2.40E-2  3.50E-2    0.38   0.19  11.5  4.5    5.0    3.7    8.0    2.9    2.3    7.4   1.2  prestellar          
   150   264  182948.8-014735   18.49690   -1.79308  5.50E-2  5.90E-2    2.53   0.55  10.3  0.6   29.5    8.5   10.1   12.6    3.1    4.0   0.4  prestellar          
   151   265  182949.2-015819   18.49702   -1.97206  2.10E-2  3.20E-2    0.18   0.09  11.5  4.5    7.8    2.1    4.8    4.7    1.5    5.0   2.3  prestellar          
   152   266  182949.6-015453   18.49713   -1.91489  3.10E-2  4.10E-2    0.73   0.37  11.5  4.5    6.1    5.2    9.0    3.2    2.7    6.3   0.8  prestellar          
   153   267  182949.9-013647   18.49720   -1.61311  3.60E-2  4.30E-2    0.65   0.32  11.5  4.5    6.7    4.1    5.9    3.5    2.1    3.5   1.1  prestellar          
   154   269  182950.7-014313   18.49742   -1.72042  4.40E-2  5.10E-2    1.01   0.51  11.5  4.5    6.4    4.5    6.1    3.0    1.9    3.0   0.9  prestellar          
   155   270  182952.1-015613   18.49781   -1.93703  1.90E-2  3.10E-2    0.64   0.46   8.8  1.3   12.3    8.1   21.4    7.4    5.9   25.0   0.6  prestellar          
   156   272  182953.2-020626   18.49813   -2.10736  3.20E-2  4.00E-2    0.44   0.37   9.7  1.6    9.1    3.2    5.1    4.9    1.8    3.4   1.4  prestellar          
   157   273  182953.7-020653   18.49826   -2.11497  1.60E-2  2.90E-2    0.26   0.21   9.6  1.3    8.5    3.7   11.4    5.3    2.8   15.1   1.2  prestellar          
   158   275  182954.1-020727   18.49837   -2.12433  1.80E-2  2.90E-2    0.12   0.06  11.5  4.5    7.6    1.7    4.3    4.7    1.3    5.2   3.0  prestellar          
   159   276  182954.1-014734   18.49838   -1.79286  5.20E-2  5.80E-2    0.73   0.36  11.5  4.5    6.2    2.6    3.2    2.7    1.0    1.3   1.4  prestellar          
   160   277  182954.3-024902   18.49844   -2.81742  2.90E-2  4.10E-2    0.16   0.10  11.1  1.7    3.6    1.1    2.3    1.9    0.6    1.7   3.6  prestellar          
   161   278  182955.6-020025   18.49878   -2.00708  1.20E-2  2.50E-2    0.17   0.09  11.5  4.5    3.0    3.4   13.6    1.9    3.0   24.2   1.4  prestellar          
   162   280  182957.5-015843   18.49931   -1.97881  5.40E-2  5.90E-2   19.70   2.52   8.2  0.2  150.3   68.0   80.5   64.5   25.4   32.8   0.1  prestellar          
   163   281  182957.7-015758   18.49937   -1.96617  1.60E-2  2.90E-2    5.16   0.92   8.3  0.3   30.3   75.4  235.6   18.8   57.9  320.2   0.1  prestellar          
   164   282  182958.0-021101   18.49946   -2.18361  2.50E-2  3.80E-2    0.18   0.06  14.3  1.0    9.0    1.5    3.5    5.0    0.8    3.0   2.7  prestellar          
   165   283  182958.2-020115   18.49950   -2.02089  2.30E-2  3.30E-2    1.63   0.35  11.2  0.5   32.1   17.8   35.8   18.9   11.8   33.7   0.3  prestellar          
   166   284  182958.6-020822   18.49963   -2.13958  4.60E-2  5.10E-2    6.27   2.23   7.6  0.5   32.7   28.1   35.8   15.3   12.0   17.2   0.1  prestellar          
   167   286  183000.4-013703   18.50012   -1.61769  2.60E-2  3.90E-2    1.04   0.70   8.3  1.0    5.0    8.2   19.0    2.7    4.6   16.2   0.5  prestellar          
   168   287  183000.5-014559   18.50016   -1.76664  4.00E-2  4.80E-2    0.31   0.15  11.5  4.5    3.0    1.6    2.3    1.5    0.7    1.3   2.6  prestellar          
   169   288  183000.7-015958   18.50019   -1.99961  1.90E-2  2.90E-2    0.29   0.15  11.5  4.5   16.1    4.0   10.1    9.9    3.0   12.0   1.3  prestellar          
   170   291  183001.5-020530   18.50042   -2.09167  1.80E-2  2.90E-2    0.27   0.13  11.5  4.5   20.1    3.9   10.3   12.5    3.0   12.7   1.3  prestellar          
   171   293  183002.1-020815   18.50059   -2.13753  2.00E-2  3.10E-2    3.33   1.13   7.6  0.4   57.0   41.6   97.7   34.5   29.5  106.3   0.1  prestellar          
   172   294  183002.7-020103   18.50077   -2.01761  2.30E-2  3.30E-2    4.94   1.09  10.3  0.9   82.8   52.9  115.7   48.6   34.8  112.6   0.1  prestellar          
   173   295  183003.3-024830   18.50092   -2.80842  7.30E-2  7.70E-2    4.75   1.77   8.4  0.8   24.9    9.5   10.5    8.8    2.7    3.2   0.3  prestellar          
   174   296  183003.4-014856   18.50097   -1.81567  2.60E-2  3.50E-2    1.11   0.38   8.1  0.5   20.7   10.9   20.1   11.9    6.9   17.2   0.5  prestellar          
   175   298  183003.8-021130   18.50107   -2.19175  2.00E-2  3.20E-2    0.22   0.11  11.5  4.5    7.3    2.6    6.7    4.4    1.7    7.3   1.8  prestellar          
   176   300  183004.3-015946   18.50121   -1.99617  2.00E-2  3.10E-2    0.32   0.12  11.2  0.9   11.7    4.0    9.5    7.1    2.8   10.4   1.2  prestellar          
   177   301  183004.6-042607   18.50129   -4.43533  3.40E-2  4.30E-2    0.26   0.13  11.5  4.5    3.0    1.7    2.6    1.5    0.9    1.7   2.6  prestellar          
   178   302  183004.8-014948   18.50136   -1.83017  2.90E-2  3.70E-2    2.01   0.57   7.6  0.4    7.0   17.4   28.8    3.9   10.3   21.9   0.3  prestellar          
   179   303  183005.4-014833   18.50152   -1.80933  3.30E-2  4.00E-2    1.01   0.28   9.2  0.6   24.6    7.4   11.0   13.2    4.0    7.3   0.6  prestellar          
   180   304  183005.5-015029   18.50153   -1.84161  3.40E-2  4.20E-2    0.60   0.30  11.5  4.5    7.5    4.0    6.0    3.9    2.1    3.8   1.1  prestellar          
   181   305  183006.6-020512   18.50185   -2.08678  2.10E-2  3.20E-2    0.27   0.13  11.5  4.5   10.4    3.0    7.0    6.2    2.0    7.2   1.6  prestellar          
   182   307  183006.8-013301   18.50191   -1.55039  3.50E-2  4.30E-2    0.44   0.28  10.5  1.5    9.4    2.9    4.3    4.9    1.5    2.7   1.6  prestellar          
   183   309  183007.2-021213   18.50201   -2.20378  3.80E-2  4.50E-2    1.67   0.62   9.4  0.7   26.5    9.7   13.8   13.4    4.7    7.9   0.4  prestellar          
   184   312  183010.8-020558   18.50301   -2.09967  1.90E-2  3.10E-2    0.54   0.27  11.5  4.5   15.8    6.9   17.3    9.6    5.0   19.6   0.7  prestellar          
   185   316  183013.1-020325   18.50365   -2.05694  2.10E-2  3.30E-2    0.14   0.07  11.5  4.5    9.6    1.5    3.6    5.7    1.0    3.6   3.1  prestellar          
   186   317  183013.6-043014   18.50380   -4.50389  7.20E-2  7.50E-2    1.92   0.70   8.9  0.7    8.1    4.0    4.5    2.9    1.2    1.4   0.7  prestellar          
   187   319  183014.3-015243   18.50399   -1.87864  2.20E-2  3.20E-2    1.08   0.32   8.1  0.5    6.3   12.6   27.0    3.8    8.7   27.2   0.4  prestellar          
   188   320  183014.5-015938   18.50403   -1.99400  3.40E-2  4.30E-2    0.54   0.31   9.5  1.3    9.3    3.5    5.6    4.8    1.8    3.6   1.2  prestellar          
   189   322  183015.7-015031   18.50438   -1.84206  2.00E-2  3.10E-2    0.24   0.05  12.0  0.5    5.8    3.1    7.3    3.5    2.2    8.0   1.6  prestellar          
   190   328  183017.9-014639   18.50500   -1.77758  3.20E-2  3.90E-2    1.62   0.38   8.5  0.4   30.7   12.4   18.9   16.7    6.9   13.0   0.4  prestellar          
   191   329  183018.1-020843   18.50503   -2.14536  3.60E-2  4.30E-2    2.65   1.32  11.5  4.5   24.8   16.7   24.0   12.8    8.5   14.5   0.3  prestellar          
   192   330  183019.2-013031   18.50535   -1.50872  4.30E-2  5.00E-2    0.92   0.25   9.8  0.6   13.3    4.4    5.9    6.3    1.9    3.0   0.9  prestellar          
   193   332  183020.0-013826   18.50556   -1.64067  4.10E-2  4.80E-2    1.27   0.44   9.1  0.7   17.5    6.5    9.0    8.5    2.9    4.8   0.6  prestellar          
   194   333  183020.6-020421   18.50573   -2.07275  3.20E-2  4.60E-2    0.33   0.16  11.5  4.5    6.2    1.9    3.8    3.1    0.9    2.6   1.9  prestellar          
   195   334  183021.7-014859   18.50604   -1.81661  6.50E-2  6.90E-2    0.54   0.30  13.2  2.0    5.0    1.3    1.5    1.9    0.4    0.5   2.4  prestellar          
   196   336  183024.3-015248   18.50677   -1.88019  2.80E-2  3.70E-2    0.55   0.13  11.0  0.6   10.7    4.9    8.5    6.0    2.9    6.7   1.0  prestellar          
   197   337  183025.4-020115   18.50706   -2.02097  1.80E-2  3.00E-2    0.18   0.09  11.5  4.5    2.8    2.4    6.4    1.7    1.8    7.7   2.0  prestellar          
   198   339  183025.5-020427   18.50709   -2.07425  2.80E-2  3.80E-2    0.68   0.28   9.3  0.8   14.6    5.7   10.4    8.1    3.3    8.2   0.8  prestellar          
   199   340  183025.5-015420   18.50710   -1.90572  2.60E-2  3.50E-2    1.78   0.17  10.5  0.2   29.1   17.7   32.0   16.8   11.2   27.3   0.3  prestellar          
   200   341  183025.9-020709   18.50721   -2.11925  2.30E-2  3.30E-2    0.19   0.14   9.8  1.8    7.2    2.1    4.0    4.3    1.4    3.8   2.5  prestellar          
   201   343  183026.5-020015   18.50738   -2.00436  4.60E-2  5.20E-2    1.80   0.64   9.5  0.8   22.3    8.1   10.1   10.4    3.4    4.8   0.5  prestellar          
   202   345  183027.5-020336   18.50764   -2.06017  2.00E-2  3.10E-2    0.19   0.12  10.7  1.7    4.7    2.3    5.6    2.9    1.6    6.0   2.1  prestellar          
   203   346  183027.9-042954   18.50775   -4.49853  3.50E-2  4.50E-2    0.19   0.09  11.5  4.5    2.0    1.1    1.8    1.0    0.6    1.1   3.7  prestellar          
   204   348  183028.0-014541   18.50778   -1.76150  3.10E-2  4.00E-2    0.36   0.21   9.9  1.4    7.5    2.7    4.4    4.1    1.5    3.1   1.7  prestellar          
   205   352  183030.6-015316   18.50850   -1.88797  3.00E-2  4.30E-2    0.45   0.23  11.5  4.5    5.1    2.9    6.0    2.6    1.5    4.4   1.3  prestellar          
   206   353  183032.5-015439   18.50903   -1.91083  3.20E-2  4.00E-2    1.58   0.85   8.0  0.9   21.9   12.0   18.2   11.9    6.6   12.4   0.4  prestellar          
   207   355  183032.9-012851   18.50914   -1.48086  6.40E-2  6.80E-2    0.48   0.24  11.5  4.5    2.8    1.2    1.4    1.1    0.4    0.5   2.6  prestellar          
   208   356  183033.3-015918   18.50925   -1.98844  2.60E-2  3.90E-2    1.03   0.37   9.6  0.8   17.5    7.9   17.5    9.5    4.4   14.5   0.5  prestellar          
   209   357  183035.3-015724   18.50983   -1.95667  4.00E-2  4.90E-2    1.20   0.55   9.0  0.9   17.6    5.9    9.1    8.4    2.6    5.0   0.6  prestellar          
   210   358  183035.7-020518   18.50993   -2.08844  5.50E-2  6.00E-2    1.87   0.89   9.3  1.0   12.7    6.2    7.4    5.4    2.2    3.0   0.6  prestellar          
   211   361  183036.9-021141   18.51027   -2.19478  2.40E-2  3.60E-2    0.58   0.13  10.6  0.6   12.2    5.3   12.4    6.9    3.2   11.5   0.8  prestellar          
   212   363  183037.8-022234   18.51051   -2.37611  1.40E-1  1.40E-1    2.43   0.54  12.8  0.7    3.4    1.4    1.5    0.7    0.2    0.2   1.1  prestellar          
   213   364  183037.9-015237   18.51053   -1.87708  3.50E-2  4.30E-2    1.97   0.52   8.9  0.6   29.2   12.5   18.6   15.2    6.4   11.5   0.4  prestellar          
   214   366  183038.6-042955   18.51073   -4.49881  2.50E-2  3.80E-2    0.65   0.17   9.6  0.5   11.0    5.4   12.6    6.1    3.1   11.2   0.8  prestellar          
   215   368  183040.6-015126   18.51130   -1.85722  2.20E-2  3.40E-2    0.24   0.12  11.5  4.5    3.0    2.4    5.6    1.8    1.6    5.5   1.9  prestellar          
   216   371  183041.8-015840   18.51163   -1.97794  4.10E-2  4.70E-2    0.29   0.15  11.5  4.5    4.0    1.6    2.1    2.0    0.7    1.1   2.8  prestellar          
   217   372  183041.9-015306   18.51165   -1.88508  5.20E-2  5.90E-2    1.96   0.83   9.3  0.9   18.6    6.6    8.5    7.9    2.4    3.5   0.5  prestellar          
   218   373  183042.2-023009   18.51174   -2.50256  2.50E-2  3.50E-2    0.27   0.15   9.4  1.1    4.8    2.6    5.1    2.8    1.7    4.5   1.8  prestellar          
   219   374  183042.4-021256   18.51178   -2.21578  2.30E-2  3.50E-2    0.14   0.06  12.2  1.2    3.9    1.4    3.2    2.2    0.9    3.1   3.2  prestellar          
   220   375  183042.4-011724   18.51180   -1.29019  5.30E-2  5.80E-2    0.51   0.22  11.5  1.3    3.7    1.8    2.2    1.6    0.7    0.9   2.0  prestellar          
   221   376  183042.5-015625   18.51181   -1.94047  1.60E-2  2.80E-2    0.19   0.17  10.4  2.1    3.5    2.9    9.2    2.2    2.3   12.9   1.6  prestellar          
   222   377  183042.7-013514   18.51188   -1.58747  5.20E-2  5.70E-2    0.64   0.21  10.9  0.9    7.7    2.4    2.8    3.4    0.9    1.2   1.6  prestellar          
   223   378  183044.3-015719   18.51231   -1.95553  5.20E-2  5.60E-2    0.56   0.28  11.5  4.5    6.2    2.1    2.5    2.7    0.8    1.1   1.8  prestellar          
   224   381  183045.7-022622   18.51270   -2.43964  3.00E-2  3.90E-2    1.02   0.47   8.1  0.7   14.0    7.8   13.2    7.6    4.4    9.5   0.6  prestellar          
   225   382  183046.1-012030   18.51281   -1.34167  6.20E-2  6.70E-2    0.77   0.14  11.5  0.4    5.8    2.1    2.4    2.3    0.7    0.8   1.6  prestellar          
   226   383  183046.8-022758   18.51300   -2.46625  2.80E-2  3.80E-2    0.15   0.07  11.5  4.5    2.1    1.2    2.3    1.1    0.7    1.8   3.8  prestellar          
   227   384  183047.1-022545   18.51308   -2.42925  2.60E-2  3.50E-2    0.61   0.34   8.7  1.0    8.4    5.8   11.0    4.8    3.6    9.4   0.8  prestellar          
   228   386  183048.4-014159   18.51344   -1.69983  2.40E-2  3.30E-2    0.49   0.22   8.9  0.8   13.7    5.3   10.4    8.1    3.6    9.7   1.0  prestellar          
   229   389  183050.3-015400   18.51399   -1.90000  3.60E-2  4.30E-2    1.02   0.62   8.2  1.0   22.3    6.7    9.4   11.7    3.4    5.8   0.7  prestellar          
   230   391  183050.8-014524   18.51414   -1.75675  2.00E-2  3.10E-2    0.31   0.16  11.5  4.5   24.6    3.9    9.0   14.9    2.7    9.8   1.3  prestellar          
   231   392  183051.1-014219   18.51422   -1.70536  3.90E-2  4.60E-2    0.38   0.19  11.5  4.5    3.4    2.1    3.0    1.7    1.0    1.7   2.0  prestellar          
   232   394  183051.4-011954   18.51430   -1.33189  5.10E-2  5.60E-2    0.43   0.15  11.8  1.0    3.4    1.6    2.0    1.5    0.6    0.8   2.4  prestellar          
   233   395  183053.4-014202   18.51483   -1.70067  2.90E-2  3.80E-2    0.34   0.16  10.1  1.1    6.4    2.9    4.9    3.6    1.7    3.7   1.7  prestellar          
   234   397  183053.4-015535   18.51484   -1.92650  2.70E-2  3.70E-2    2.09   0.86   7.8  0.6    7.7   17.9   33.3    4.3   10.5   26.7   0.3  prestellar          
   235   398  183054.0-014921   18.51501   -1.82250  2.40E-2  3.60E-2    0.16   0.07  11.5  1.1    2.7    1.5    3.4    1.5    0.9    3.1   2.9  prestellar          
   236   399  183054.7-014534   18.51520   -1.75953  7.70E-2  8.00E-2    1.27   0.34  13.0  1.1    6.7    2.3    2.6    2.3    0.6    0.7   1.2  prestellar          
   237   401  183054.9-014831   18.51527   -1.80878  1.90E-2  2.90E-2    0.09   0.05  11.5  4.5    1.3    1.2    3.1    0.8    0.9    3.7   4.0  prestellar          
   238   402  183054.9-020803   18.51527   -2.13436  1.80E-2  3.00E-2    0.09   0.03  16.5  1.6    2.2    1.2    3.3    1.3    0.9    4.0   3.9  prestellar          
   239   403  183055.5-015425   18.51543   -1.90719  4.20E-2  4.80E-2    0.69   0.35  11.5  4.5    7.0    3.5    4.6    3.4    1.6    2.4   1.2  prestellar          
   240   404  183055.6-020830   18.51547   -2.14178  2.60E-2  3.50E-2    0.27   0.08  15.1  1.1    3.7    2.6    4.7    2.1    1.6    3.9   1.9  prestellar          
   241   405  183056.4-021120   18.51567   -2.18914  2.20E-2  3.30E-2    0.19   0.15  10.5  1.6    5.7    2.1    4.9    3.4    1.4    5.0   2.2  prestellar          
   242   406  183057.4-014048   18.51595   -1.68000  5.00E-2  5.50E-2    0.29   0.14  11.5  4.5    2.4    1.1    1.4    1.1    0.4    0.6   3.4  prestellar          
   243   407  183057.7-020843   18.51605   -2.14544  1.20E-2  2.40E-2    0.25   0.07  12.4  1.0    4.8    5.0   22.2    3.2    4.5   42.1   0.9  prestellar          
   244   409  183058.5-022648   18.51625   -2.44681  6.10E-2  6.50E-2    1.28   0.37  10.7  0.8    8.9    3.6    4.1    3.6    1.2    1.5   0.9  prestellar          
   245   413  183100.2-011845   18.51675   -1.31258  2.40E-2  3.60E-2    0.16   0.13  10.1  1.9    4.6    1.4    3.2    2.6    0.9    2.9   3.1  prestellar          
   246   414  183100.6-022713   18.51683   -2.45383  5.00E-2  5.50E-2    0.45   0.22  11.5  4.5    4.3    1.8    2.2    1.9    0.7    1.0   2.2  prestellar          
   247   415  183102.1-011555   18.51726   -1.26539  4.50E-2  5.20E-2    0.62   0.10  12.1  0.5    7.3    2.8    3.6    3.4    1.2    1.8   1.4  prestellar          
   248   416  183102.6-021016   18.51740   -2.17122  2.00E-2  3.10E-2    1.23   0.14  11.8  0.3   22.3   15.4   38.0   13.5   11.0   42.6   0.3  prestellar          
   249   417  183102.9-021605   18.51749   -2.26825  2.30E-2  3.30E-2    0.14   0.07  14.5  4.5    3.2    1.5    3.2    1.9    1.0    3.0   3.2  prestellar          
   250   418  183103.2-021354   18.51758   -2.23192  2.40E-2  3.50E-2    0.32   0.12  11.5  1.1    5.3    3.0    6.7    3.0    1.9    6.2   1.5  prestellar          
   251   420  183103.7-020944   18.51772   -2.16233  2.00E-2  3.20E-2    4.93   0.30  11.3  0.2   83.8   58.6  149.8   50.2   40.6  166.1   0.1  prestellar          
   252   421  183104.4-015227   18.51789   -1.87439  2.60E-2  3.90E-2    0.34   0.17  11.5  4.5    4.2    2.7    6.0    2.3    1.5    5.0   1.5  prestellar          
   253   422  183104.7-021243   18.51799   -2.21211  2.00E-2  3.10E-2    0.12   0.05  13.3  1.4    3.2    1.5    3.7    1.9    1.0    4.0   3.2  prestellar          
   254   425  183106.4-021704   18.51847   -2.28469  4.70E-2  5.30E-2    2.55   0.62   9.1  0.5   23.9   10.6   13.7   10.9    4.3    6.4   0.4  prestellar          
   255   426  183106.5-021119   18.51848   -2.18883  4.10E-2  4.80E-2    0.38   0.10  13.9  1.1    7.2    2.0    2.7    3.5    0.9    1.4   2.1  prestellar          
   256   428  183109.2-022626   18.51924   -2.44064  3.30E-2  4.20E-2    0.61   0.32   9.4  1.1    9.3    4.2    6.5    4.9    2.2    4.3   1.1  prestellar          
   257   430  183109.7-015221   18.51938   -1.87253  4.30E-2  5.00E-2    3.55   1.54   7.2  0.5   39.0   16.9   22.3   18.6    7.4   11.3   0.2  prestellar          
   258   432  183109.9-021830   18.51944   -2.30853  7.00E-2  7.40E-2    1.33   0.28  11.4  0.7    7.9    2.9    3.2    2.9    0.9    1.0   1.0  prestellar          
   259   433  183110.2-020438   18.51951   -2.07736  1.90E-2  3.10E-2   11.46   1.95  10.3  0.6  182.3  140.3  386.9  109.8   98.7  452.0   0.0  prestellar          
   260   434  183110.5-020347   18.51960   -2.06328  1.90E-2  3.10E-2    4.60   2.30  14.5  4.5  100.0   57.4  145.6   60.5   40.8  164.8   0.1  prestellar          
   261   435  183110.8-020542   18.51968   -2.09522  1.90E-2  3.00E-2    3.04   1.52  14.5  4.5   79.5   39.1  103.1   48.4   28.2  120.8   0.1  prestellar          
   262   436  183110.9-021011   18.51969   -2.16997  2.10E-2  3.20E-2    0.15   0.06  13.9  1.4    4.3    1.8    4.1    2.6    1.2    4.3   2.7  prestellar          
   263   438  183111.5-021520   18.51987   -2.25575  2.10E-2  3.20E-2    0.17   0.06  11.5  0.9    3.6    2.0    4.7    2.2    1.4    4.9   2.4  prestellar          
   264   439  183112.4-020237   18.52012   -2.04372  1.70E-2  2.80E-2    0.38   0.08  16.4  0.9    7.6    5.5   15.3    4.7    4.3   19.6   0.9  prestellar          
   265   440  183112.5-021938   18.52014   -2.32747  5.30E-2  6.00E-2    0.58   0.11  14.3  0.8    5.7    1.9    2.4    2.4    0.7    1.0   1.8  prestellar          
   266   441  183113.2-020207   18.52035   -2.03553  2.20E-2  3.30E-2    0.26   0.11  16.6  4.4    4.9    2.8    6.0    2.9    1.9    5.9   1.7  prestellar          
   267   442  183114.0-020936   18.52058   -2.16000  2.70E-2  3.60E-2    0.66   0.28  10.7  1.0   12.9    6.1   10.4    7.3    3.7    8.3   0.8  prestellar          
   268   444  183114.3-020721   18.52066   -2.12256  1.20E-2  2.50E-2    0.40   0.10  20.0  1.4   30.8    7.4   34.4   19.9    6.4   64.6   0.6  prestellar          
   269   445  183114.9-022312   18.52082   -2.38692  3.30E-2  4.10E-2    0.54   0.17   9.9  0.7   10.3    3.9    5.8    5.5    2.1    3.8   1.2  prestellar          
   270   447  183116.7-020709   18.52132   -2.11928  2.00E-2  3.10E-2    4.41   2.20  14.5  4.5   73.0   53.6  128.6   43.9   37.6  139.8   0.1  prestellar          
   271   451  183118.5-021459   18.52182   -2.24983  1.40E-2  2.60E-2    0.37   0.07  12.1  0.5    8.7    6.6   22.2    5.6    5.6   34.5   0.8  prestellar          
   272   453  183119.5-020932   18.52210   -2.15914  1.60E-2  2.80E-2    0.10   0.03  21.5  1.7    1.8    1.6    4.7    1.1    1.3    6.3   3.1  prestellar          
   273   456  183120.7-020014   18.52243   -2.00403  1.60E-2  2.90E-2    0.28   0.04  15.5  0.6    6.9    4.0   12.8    4.3    3.1   17.6   1.1  prestellar          
   274   458  183120.8-015923   18.52246   -1.98989  2.30E-2  3.30E-2    0.41   0.10  12.5  0.6    7.1    4.5    9.4    4.2    3.0    9.1   1.1  prestellar          
   275   460  183122.1-015836   18.52281   -1.97692  2.40E-2  3.30E-2    0.45   0.18  11.4  1.1   12.3    4.9    9.7    7.2    3.2    9.1   1.0  prestellar          
   276   462  183122.9-021718   18.52304   -2.28836  4.00E-2  4.70E-2    0.75   0.63  11.1  2.5   11.0    4.1    5.7    5.5    1.9    3.1   1.0  prestellar          
   277   463  183123.3-020845   18.52316   -2.14606  1.80E-2  3.10E-2    0.18   0.04  20.6  1.3    4.1    2.3    6.3    2.5    1.6    7.5   2.0  prestellar          
   278   464  183123.4-021436   18.52317   -2.24358  3.30E-2  4.10E-2    0.42   0.10  15.3  1.1    3.5    3.0    4.4    1.9    1.6    2.9   1.6  prestellar          
   279   465  183123.4-021629   18.52318   -2.27489  1.70E-2  2.80E-2    0.10   0.03  13.8  0.9    3.3    1.5    4.2    2.0    1.2    5.3   3.3  prestellar          
   280   466  183123.7-015619   18.52325   -1.93886  3.50E-2  4.50E-2    1.44   0.39  11.4  0.5   23.6    8.5   14.1   12.0    4.1    8.9   0.5  prestellar          
   281   468  183124.5-015747   18.52349   -1.96317  2.10E-2  3.40E-2    0.36   0.04  16.5  0.6    9.0    3.7    9.6    5.2    2.4   10.0   1.2  prestellar          
   282   469  183125.1-021415   18.52364   -2.23764  1.80E-2  3.00E-2    0.20   0.05  14.4  0.9    3.3    2.7    7.1    2.0    2.0    8.7   1.8  prestellar          
   283   470  183125.9-021703   18.52387   -2.28425  2.50E-2  3.40E-2    0.13   0.08  12.6  1.4    4.7    1.3    2.4    2.8    0.9    2.1   3.8  prestellar          
   284   471  183127.2-043437   18.52423   -4.57714  1.00E-1  1.00E-1    1.67   0.93  10.4  1.4    4.6    1.9    2.0    1.3    0.4    0.4   1.2  prestellar          
   285   473  183127.9-021600   18.52442   -2.26669  1.90E-2  3.10E-2    0.66   0.33  14.5  4.5   36.9    8.1   22.3   22.3    5.7   26.2   0.6  prestellar          
   286   474  183128.1-043323   18.52448   -4.55661  3.30E-2  4.10E-2    0.31   0.15  10.3  1.1    5.4    2.2    3.3    2.9    1.2    2.2   2.1  prestellar          
   287   476  183128.8-021325   18.52467   -2.22381  1.80E-2  3.00E-2    0.23   0.05  14.7  0.8    4.2    3.1    8.4    2.6    2.2   10.1   1.5  prestellar          
   288   477  183129.6-011940   18.52491   -1.32789  4.20E-2  4.80E-2    0.61   0.13  10.8  0.5    8.4    3.2    4.2    4.1    1.5    2.2   1.3  prestellar          
   289   478  183129.6-021519   18.52491   -2.25533  1.90E-2  3.00E-2    1.11   0.27  11.2  0.6   27.6   14.3   37.0   16.8   10.4   43.1   0.3  prestellar          
   290   479  183129.7-015611   18.52492   -1.93644  5.10E-2  5.60E-2    0.42   0.08  16.5  0.9    5.8    1.6    2.0    2.6    0.6    0.8   2.4  prestellar          
   291   481  183130.3-021350   18.52509   -2.23069  4.00E-2  4.90E-2    0.53   0.14  15.8  1.2    5.8    2.6    3.9    2.8    1.2    2.1   1.5  prestellar          
   292   482  183130.7-020537   18.52521   -2.09364  1.70E-2  2.90E-2    0.19   0.09  13.6  3.2    3.4    2.6    7.6    2.1    2.0    9.6   1.8  prestellar          
   293   483  183130.9-014806   18.52526   -1.80169  1.80E-2  3.10E-2    0.16   0.08  11.5  4.5    1.9    2.0    5.5    1.1    1.4    6.5   2.3  prestellar          
   294   484  183131.2-021628   18.52535   -2.27444  2.40E-2  3.30E-2    0.67   0.16  11.6  0.6   12.2    7.3   14.4    7.2    4.9   13.4   0.7  prestellar          
   295   487  183133.6-020410   18.52602   -2.06967  1.80E-2  2.90E-2    0.65   0.05  19.7  0.6   13.8    9.3   24.0    8.5    7.1   29.2   0.5  prestellar          
   296   490  183134.6-021533   18.52629   -2.25942  1.90E-2  3.10E-2    0.61   0.13  11.5  0.6   13.5    7.5   20.3    8.2    5.3   23.7   0.6  prestellar          
   297   491  183135.8-020349   18.52664   -2.06383  1.50E-2  2.60E-2    0.90   0.06  18.4  0.9   14.3   15.8   50.6    9.1   13.3   76.5   0.3  prestellar          
   298   494  183137.4-021518   18.52706   -2.25522  2.40E-2  3.70E-2    2.43   0.24  12.2  0.3   32.7   21.4   51.0   18.4   12.8   47.0   0.2  prestellar          
   299   495  183137.7-043312   18.52716   -4.55336  3.60E-2  4.90E-2    0.42   0.14  12.5  1.1    4.3    2.1    3.8    2.1    0.9    2.3   1.7  prestellar          
   300   496  183137.9-021821   18.52720   -2.30597  1.10E-2  2.40E-2    0.46   0.13  10.7  0.6    6.9    9.8   41.7    4.5    9.0   79.7   0.5  prestellar          
   301   497  183137.9-043425   18.52721   -4.57375  3.20E-2  4.00E-2    0.34   0.18  10.2  1.2    5.1    2.5    3.9    2.8    1.4    2.7   1.9  prestellar          
   302   498  183138.3-014627   18.52732   -1.77417  4.50E-2  5.10E-2    0.40   0.20  11.5  4.5    3.0    1.8    2.3    1.4    0.8    1.1   2.2  prestellar          
   303   501  183138.5-022314   18.52739   -2.38728  2.80E-2  3.90E-2    0.50   0.11  11.8  0.8    8.5    3.9    7.7    4.6    2.1    6.0   1.1  prestellar          
   304   502  183139.2-014804   18.52756   -1.80136  5.40E-2  5.90E-2    0.37   0.18  11.5  4.5    2.5    1.2    1.5    1.1    0.5    0.6   2.9  prestellar          
   305   503  183139.2-020331   18.52758   -2.05867  1.70E-2  2.90E-2    1.55   0.14  18.7  0.4   28.7   22.1   61.7   17.8   16.8   78.3   0.2  prestellar          
   306   505  183139.5-022944   18.52765   -2.49575  3.30E-2  4.10E-2    0.41   0.17   9.8  1.0    6.6    2.9    4.4    3.5    1.5    2.9   1.6  prestellar          
   307   506  183139.7-044939   18.52771   -4.82775  2.10E-2  3.20E-2    0.16   0.04  11.8  0.6    2.7    1.8    4.2    1.6    1.2    4.3   2.6  prestellar          
   308   507  183140.1-014843   18.52781   -1.81217  2.00E-2  3.00E-2    0.22   0.11  11.5  4.5    2.6    2.8    6.8    1.5    2.0    7.7   1.8  prestellar          
   309   508  183140.8-014427   18.52802   -1.74108  4.30E-2  5.10E-2    0.41   0.21  11.5  4.5    2.6    1.9    2.6    1.2    0.8    1.3   2.1  prestellar          
   310   510  183141.1-022323   18.52809   -2.38992  2.80E-2  3.70E-2    0.14   0.04  18.5  1.7    2.1    1.2    2.1    1.2    0.7    1.6   4.0  prestellar          
   311   512  183143.8-020440   18.52884   -2.07794  1.70E-2  2.80E-2    4.17   0.69  11.4  0.6   65.3   62.2  179.2   40.8   48.3  236.3   0.1  prestellar          
   312   513  183144.4-020058   18.52900   -2.01636  2.70E-2  3.60E-2    0.13   0.07  20.0  2.6   21.0    1.2    2.1   11.9    0.7    1.7   4.0  prestellar          
   313   514  183144.4-022732   18.52901   -2.45894  1.90E-2  3.00E-2    0.11   0.06  11.5  4.5    1.8    1.5    3.9    1.1    1.1    4.6   3.2  prestellar          
   314   516  183145.8-022102   18.52940   -2.35061  1.70E-2  3.00E-2    0.44   0.09  12.4  0.6   10.5    5.9   17.6    6.4    4.4   22.3   0.8  prestellar          
   315   517  183145.9-015946   18.52944   -1.99625  3.00E-2  4.00E-2    0.82   0.14  15.4  0.9   14.7    6.0   11.1    7.9    3.2    8.2   0.7  prestellar          
   316   518  183146.6-020543   18.52961   -2.09553  1.60E-2  2.70E-2    0.51   0.06  18.1  0.7   11.0    8.4   24.9    7.0    6.9   35.2   0.6  prestellar          
   317   519  183147.0-020425   18.52975   -2.07386  3.80E-2  4.50E-2    3.47   0.30  16.1  0.4   49.0   20.5   28.4   24.9   10.0   16.3   0.2  prestellar          
   318   520  183147.2-011627   18.52979   -1.27419  8.20E-2  8.60E-2    0.95   0.47  11.5  4.5    3.2    1.5    1.7    1.0    0.4    0.4   1.7  prestellar          
   319   521  183147.2-022608   18.52980   -2.43569  2.00E-2  3.10E-2    0.17   0.14  10.1  1.7    3.4    2.1    5.0    2.1    1.5    5.4   2.3  prestellar          
   320   522  183147.5-023004   18.52987   -2.50117  1.80E-2  3.00E-2    0.27   0.17   9.7  1.3    6.0    3.6   10.1    3.7    2.7   12.3   1.3  prestellar          
   321   523  183147.7-013634   18.52994   -1.60964  6.60E-2  7.10E-2    0.60   0.30  11.5  4.5    3.4    1.4    1.6    1.3    0.4    0.5   2.2  prestellar          
   322   525  183148.3-020348   18.53010   -2.06336  2.20E-2  3.30E-2    3.58   0.81  10.8  0.7   67.7   38.6   84.7   39.8   25.5   82.9   0.1  prestellar          
   323   526  183148.3-020139   18.53011   -2.02758  2.40E-2  3.70E-2    4.05   2.03  14.5  4.5   78.1   35.9   83.8   44.0   21.5   76.7   0.1  prestellar          
   324   527  183148.5-020835   18.53015   -2.14306  3.00E-2  3.90E-2    0.39   0.05  16.9  0.7    5.9    3.0    4.9    3.2    1.7    3.6   1.6  prestellar          
   325   528  183148.5-015536   18.53015   -1.92686  1.40E-2  2.70E-2    0.19   0.03  14.7  0.5    5.5    3.1   12.0    3.5    2.6   19.1   1.4  prestellar          
   326   529  183149.0-022903   18.53028   -2.48442  3.20E-2  4.00E-2    0.86   0.36   9.0  0.9   13.3    6.3    9.7    7.1    3.4    6.6   0.7  prestellar          
   327   531  183149.3-022024   18.53036   -2.34022  1.30E-2  2.50E-2    0.15   0.08  13.8  1.7   11.0    2.9   10.4    7.1    2.5   17.3   1.7  prestellar          
   328   532  183149.3-020038   18.53037   -2.01069  2.20E-2  3.40E-2    2.05   0.62  11.5  0.7   53.6   21.6   48.9   31.3   14.1   48.0   0.2  prestellar          
   329   533  183149.4-011659   18.53040   -1.28314  5.70E-2  6.20E-2    0.43   0.21  11.5  4.5    2.8    1.3    1.5    1.2    0.5    0.6   2.7  prestellar          
   330   534  183150.6-021801   18.53073   -2.30044  2.00E-2  3.10E-2    0.40   0.20  14.5  4.5   11.1    5.1   12.3    6.8    3.7   13.7   1.0  prestellar          
   331   535  183150.6-011557   18.53074   -1.26606  2.80E-2  3.60E-2    0.24   0.20   9.4  2.2    2.2    2.2    3.8    1.2    1.4    3.0   2.2  prestellar          
   332   536  183150.8-014824   18.53078   -1.80686  3.60E-2  4.30E-2    0.24   0.07  13.0  0.9    3.0    1.5    2.2    1.5    0.8    1.3   3.0  prestellar          
   333   537  183151.0-013451   18.53083   -1.58100  2.40E-2  3.50E-2    0.12   0.06  11.5  4.5    1.3    1.1    2.4    0.7    0.7    2.2   4.0  prestellar          
   334   539  183151.3-015751   18.53093   -1.96428  3.20E-2  3.90E-2    0.78   0.11  15.2  0.4   11.6    6.0    9.4    6.3    3.3    6.5   0.8  prestellar          
   335   540  183151.7-015330   18.53105   -1.89167  2.70E-2  4.00E-2    0.26   0.05  13.6  0.7    3.8    1.9    4.1    2.0    1.0    3.3   2.1  prestellar          
   336   542  183151.9-020711   18.53110   -2.11997  1.50E-2  2.70E-2    0.06   0.01  26.8  2.0    1.5    1.0    3.5    1.0    0.8    5.3   4.6  prestellar          
   337   545  183152.7-015727   18.53131   -1.95761  2.00E-2  3.00E-2    1.16   0.15  11.8  0.3   18.0   14.9   35.6   11.0   10.8   39.7   0.3  prestellar          
   338   546  183153.3-020335   18.53150   -2.05978  3.00E-2  4.00E-2    0.75   0.15  15.5  0.9   12.8    5.6    9.8    6.9    3.1    7.1   0.8  prestellar          
   339   547  183153.5-021922   18.53155   -2.32297  2.80E-2  3.90E-2    2.87   0.65  10.9  1.1   54.8   22.2   44.1   29.8   12.4   34.8   0.2  prestellar          
   340   548  183153.7-020111   18.53160   -2.01992  2.40E-2  3.30E-2    0.84   0.18  12.9  0.7   18.2    8.9   17.1   10.7    5.8   15.6   0.6  prestellar          
   341   550  183155.1-023006   18.53198   -2.50186  5.80E-2  6.20E-2    0.62   0.31  11.5  4.5    5.4    1.9    2.2    2.2    0.7    0.8   1.8  prestellar          
   342   551  183156.0-013543   18.53223   -1.59544  2.90E-2  3.80E-2    0.27   0.14  10.7  1.3    5.3    2.2    3.7    3.0    1.3    2.8   2.1  prestellar          
   343   552  183156.3-015741   18.53232   -1.96147  1.70E-2  2.80E-2    0.26   0.08  12.8  1.1    4.0    4.1   11.2    2.5    3.2   14.8   1.3  prestellar          
   344   554  183156.9-015916   18.53249   -1.98778  1.90E-2  3.00E-2    0.13   0.03  14.4  1.3    3.3    1.7    4.3    2.0    1.3    4.9   2.8  prestellar          
   345   555  183157.2-015010   18.53258   -1.83619  3.60E-2  4.40E-2    0.86   0.43  11.5  4.5   16.1    5.2    7.9    8.2    2.6    4.8   0.8  prestellar          
   346   556  183157.4-020025   18.53263   -2.00714  1.50E-2  2.70E-2    0.66   0.10  12.9  0.4   13.0   10.7   34.9    8.2    8.7   51.1   0.4  prestellar          
   347   557  183157.5-015632   18.53265   -1.94239  1.70E-2  2.80E-2    0.22   0.05  14.7  0.8    3.9    3.4    9.4    2.4    2.7   12.5   1.5  prestellar          
   348   558  183157.6-044207   18.53267   -4.70217  1.10E-2  2.40E-2    0.07   0.03  11.5  4.5    1.1    1.4    6.1    0.7    1.3   11.7   3.3  prestellar          
   349   559  183158.5-023256   18.53293   -2.54900  2.00E-2  3.00E-2    0.34   0.20   9.1  1.3    9.1    4.4   10.4    5.5    3.2   11.6   1.2  prestellar          
   350   560  183159.4-014406   18.53318   -1.73522  5.90E-2  6.30E-2    0.86   0.43  11.5  4.5    5.6    2.5    3.0    2.3    0.9    1.1   1.4  prestellar          
   351   561  183159.6-014916   18.53324   -1.82122  3.00E-2  4.00E-2    0.23   0.12  11.5  4.5   16.2    1.7    3.1    8.7    0.9    2.2   2.5  prestellar          
   352   562  183159.9-022016   18.53333   -2.33786  3.30E-2  4.20E-2    0.66   0.39   9.6  1.5   17.8    4.5    7.1    9.4    2.3    4.6   1.0  prestellar          
   353   563  183159.9-023113   18.53333   -2.52044  3.10E-2  3.90E-2    0.17   0.12  11.5  1.7    3.0    1.3    2.1    1.6    0.7    1.5   3.6  prestellar          
   354   564  183200.1-020005   18.53338   -2.00164  2.20E-2  3.30E-2    0.93   0.10  12.9  0.3   19.0   10.2   23.7   11.2    6.8   24.0   0.5  prestellar          
   355   566  183200.8-020539   18.53358   -2.09433  2.40E-2  3.70E-2    0.18   0.03  17.5  0.7    2.9    1.5    3.6    1.6    0.9    3.3   2.7  prestellar          
   356   571  183201.5-042354   18.53377   -4.39858  3.50E-2  4.60E-2    0.24   0.12  11.5  4.5    3.7    1.3    2.3    1.9    0.6    1.4   2.9  prestellar          
   357   572  183201.9-014324   18.53386   -1.72333  2.80E-2  3.70E-2    0.41   0.06  12.2  0.4    7.6    3.5    6.1    4.2    2.0    4.8   1.4  prestellar          
   358   573  183202.5-020130   18.53404   -2.02500  1.80E-2  2.90E-2    0.62   0.09  12.6  0.4   11.7    8.7   22.5    7.3    6.6   27.3   0.6  prestellar          
   359   574  183202.5-022152   18.53404   -2.36447  1.60E-2  2.70E-2    0.42   0.10  11.6  0.7    8.6    6.6   18.7    5.4    5.3   25.1   0.8  prestellar          
   360   575  183202.7-023245   18.53409   -2.54608  5.90E-2  6.30E-2    2.58   0.59   9.1  0.4   12.4    7.6    8.7    5.0    2.6    3.2   0.5  prestellar          
   361   577  183203.6-014757   18.53434   -1.79931  5.10E-2  5.60E-2    3.55   0.64   8.9  0.4   27.1   13.5   16.3   12.0    5.3    7.0   0.3  prestellar          
   362   578  183203.9-020103   18.53443   -2.01756  1.30E-2  2.50E-2    0.50   0.08  11.5  0.4   11.7    9.4   33.4    7.6    8.2   54.8   0.5  prestellar          
   363   579  183204.2-020137   18.53452   -2.02708  2.20E-2  3.40E-2    1.15   0.15  11.8  0.4   23.1   12.0   28.5   13.5    7.8   28.5   0.4  prestellar          
   364   582  183205.8-015901   18.53496   -1.98381  1.70E-2  2.80E-2    0.08   0.02  15.6  1.3    3.0    1.1    3.1    1.9    0.9    3.9   4.5  prestellar          
   365   583  183206.9-015945   18.53525   -1.99589  2.20E-2  3.20E-2    0.15   0.06  14.1  1.2    4.6    1.7    3.8    2.7    1.2    3.9   2.8  prestellar          
   366   585  183208.4-020115   18.53568   -2.02083  1.90E-2  3.00E-2    0.23   0.06  12.2  1.0    5.4    3.0    7.5    3.3    2.2    8.6   1.6  prestellar          
   367   586  183208.7-024211   18.53577   -2.70311  3.30E-2  4.10E-2    0.77   0.12  10.9  0.4   12.5    5.4    8.6    6.6    2.8    5.7   0.8  prestellar          
   368   587  183208.8-015942   18.53578   -1.99517  1.50E-2  2.70E-2    0.10   0.05  13.4  1.4    3.1    1.7    5.2    2.0    1.4    7.4   2.9  prestellar          
   369   588  183209.8-015858   18.53607   -1.98292  1.80E-2  3.00E-2    0.24   0.07  12.9  0.8    7.4    3.2    8.8    4.5    2.3   10.6   1.5  prestellar          
   370   590  183210.5-022248   18.53626   -2.38008  2.30E-2  3.50E-2    0.26   0.05  14.3  0.6    4.5    2.5    5.6    2.6    1.6    5.2   1.8  prestellar          
   371   593  183212.4-015855   18.53680   -1.98200  1.70E-2  2.80E-2    0.28   0.09  12.1  0.7    8.4    4.3   12.0    5.3    3.4   15.8   1.2  prestellar          
   372   594  183212.9-015928   18.53692   -1.99114  1.30E-2  2.70E-2    0.34   0.07  12.7  0.6   11.6    5.7   23.1    7.4    4.7   38.2   0.8  prestellar          
   373   596  183214.1-020837   18.53727   -2.14367  3.70E-2  4.70E-2    0.28   0.14  14.5  4.5    5.6    1.5    2.5    2.8    0.7    1.5   2.6  prestellar          
   374   597  183215.1-015725   18.53755   -1.95694  2.60E-2  3.50E-2    0.92   0.12  12.4  0.4   18.9    8.8   16.6   10.8    5.5   14.2   0.6  prestellar          
   375   598  183215.3-020947   18.53759   -2.16314  5.30E-2  5.80E-2    0.69   0.35  14.5  4.5    8.8    2.4    2.9    3.8    0.9    1.2   1.5  prestellar          
   376   600  183216.1-024530   18.53783   -2.75839  2.30E-2  3.60E-2    0.13   0.04  12.0  0.7    2.9    1.2    3.0    1.7    0.8    2.8   3.4  prestellar          
   377   602  183217.4-015323   18.53817   -1.88981  2.20E-2  3.40E-2    0.16   0.04  12.1  0.6    3.7    1.7    4.2    2.2    1.1    4.3   2.6  prestellar          
   378   604  183218.1-015645   18.53839   -1.94597  1.40E-2  2.50E-2    0.36   0.18  11.5  4.5    9.5    6.6   22.7    6.1    5.7   36.1   0.8  prestellar          
   379   605  183218.4-024142   18.53845   -2.69503  5.20E-2  5.70E-2    1.06   0.38   9.8  0.9   10.2    3.9    4.7    4.5    1.5    2.0   1.0  prestellar          
   380   606  183219.4-015723   18.53874   -1.95653  2.00E-2  3.10E-2    0.14   0.08  11.9  1.2    3.4    1.7    4.0    2.0    1.2    4.3   2.8  prestellar          
   381   609  183221.6-015552   18.53935   -1.93117  1.10E-2  2.40E-2    0.19   0.07  11.6  0.6   10.1    4.0   17.4    6.7    3.7   33.3   1.2  prestellar          
   382   611  183222.0-015627   18.53946   -1.94086  3.40E-2  4.20E-2    0.64   0.11  12.1  0.5   14.8    4.3    6.4    7.8    2.3    4.1   1.1  prestellar          
   383   616  183223.2-015458   18.53979   -1.91617  1.80E-2  2.90E-2    0.27   0.06  13.2  0.5   11.9    3.7    9.7    7.3    2.8   11.7   1.3  prestellar          
   384   617  183223.9-015334   18.53997   -1.89300  1.10E-2  2.30E-2    0.21   0.05  12.1  0.5    9.8    4.8   19.1    6.5    4.6   36.5   1.1  prestellar          
   385   618  183224.1-021357   18.54004   -2.23261  3.50E-2  4.20E-2    1.29   0.61   8.2  0.8   14.9    8.6   12.4    7.8    4.5    7.7   0.5  prestellar          
   386   619  183224.3-012503   18.54008   -1.41753  1.10E-1  1.10E-1    1.82   0.91  11.5  4.5    3.9    1.8    1.9    1.0    0.4    0.4   1.2  prestellar          
   387   620  183225.9-015403   18.54053   -1.90094  2.10E-2  3.20E-2    0.29   0.19  11.4  0.7    8.4    3.3    7.6    5.0    2.2    7.9   1.4  prestellar          
   388   622  183226.1-023754   18.54060   -2.63183  7.40E-2  7.80E-2    0.65   0.33  11.5  4.5    2.9    1.3    1.4    1.0    0.4    0.4   2.2  prestellar          
   389   623  183226.3-023857   18.54065   -2.64922  3.50E-2  4.20E-2    0.36   0.14  10.1  1.0    7.1    2.4    3.4    3.7    1.2    2.1   1.9  prestellar          
   390   624  183226.6-012718   18.54074   -1.45508  2.90E-2  4.10E-2    0.23   0.12  11.5  4.5    2.0    1.6    3.3    1.1    0.9    2.5   2.5  prestellar          
   391   625  183226.8-021229   18.54080   -2.20828  5.60E-2  6.10E-2    3.18   0.93   8.9  0.6   27.7   10.3   12.2   11.7    3.7    4.8   0.3  prestellar          
   392   627  183227.4-022741   18.54095   -2.46164  4.10E-2  4.70E-2    1.36   0.29   9.3  0.4   19.6    7.2    9.6    9.7    3.3    5.1   0.6  prestellar          
   393   633  183229.0-015242   18.54139   -1.87844  1.90E-2  3.10E-2    3.18   0.24   9.8  0.2   57.2   38.9  104.0   34.5   27.4  119.7   0.1  prestellar          
   394   634  183229.5-021128   18.54155   -2.19122  4.70E-2  5.20E-2    0.83   0.19  11.2  0.7    9.5    3.6    4.5    4.4    1.5    2.1   1.1  prestellar          
   395   636  183230.1-012526   18.54172   -1.42392  3.40E-2  4.10E-2    0.18   0.09  11.5  4.5    2.3    1.3    1.8    1.2    0.7    1.2   3.7  prestellar          
   396   637  183234.0-015134   18.54279   -1.85947  2.00E-2  3.10E-2    0.46   0.29   8.6  1.0   10.4    5.7   13.5    6.3    4.0   14.8   0.9  prestellar          
   397   639  183235.1-015013   18.54308   -1.83700  3.20E-2  4.10E-2    0.42   0.13  10.2  0.5    6.6    3.1    4.8    3.5    1.7    3.3   1.5  prestellar          
   398   640  183236.0-014916   18.54334   -1.82133  2.80E-2  3.70E-2    0.56   0.30   8.6  0.9   11.2    5.0    8.7    6.3    3.0    6.9   1.0  prestellar          
   399   641  183236.3-014841   18.54344   -1.81139  1.70E-2  2.90E-2    0.79   0.41   8.0  0.8   15.3   11.4   33.4    9.5    8.7   43.7   0.4  prestellar          
   400   642  183237.8-023718   18.54384   -2.62167  5.40E-2  5.90E-2    0.34   0.13  10.7  0.9    3.5    1.2    1.4    1.5    0.4    0.6   3.1  prestellar          
   401   643  183238.5-025028   18.54403   -2.84136  4.40E-2  5.00E-2    0.38   0.07  13.3  0.8    6.0    1.8    2.4    2.8    0.8    1.2   2.3  prestellar          
   402   644  183238.5-022853   18.54403   -2.48150  4.70E-2  5.20E-2    0.45   0.09  12.9  0.6    3.0    2.0    2.4    1.4    0.8    1.1   2.0  prestellar          
   403   645  183238.6-015033   18.54407   -1.84258  1.80E-2  3.00E-2    0.18   0.10  11.1  1.5    5.1    2.4    6.6    3.1    1.8    8.0   2.0  prestellar          
   404   647  183239.1-014702   18.54420   -1.78411  2.00E-2  3.30E-2    0.15   0.04  12.7  0.6    3.1    1.7    4.4    1.8    1.1    4.7   2.6  prestellar          
   405   648  183239.4-015400   18.54428   -1.90025  1.10E-2  2.40E-2    0.06   0.05  12.8  2.6    3.0    1.3    5.8    1.9    1.2   11.0   3.5  prestellar          
   406   650  183241.6-014655   18.54491   -1.78211  2.50E-2  3.40E-2    0.13   0.03  13.0  0.7    2.8    1.3    2.6    1.6    0.8    2.3   3.7  prestellar          
   407   651  183242.2-012543   18.54506   -1.42875  4.40E-2  5.30E-2    0.25   0.11  14.1  1.8    2.0    1.1    1.5    0.9    0.4    0.8   3.5  prestellar          
   408   653  183243.0-014925   18.54530   -1.82386  5.10E-2  5.60E-2    0.33   0.17  11.5  4.5    3.0    1.2    1.5    1.3    0.5    0.7   3.0  prestellar          
   409   654  183243.0-025035   18.54530   -2.84308  3.70E-2  4.40E-2    0.20   0.10  11.5  4.5    2.6    1.2    1.8    1.3    0.6    1.1   3.6  prestellar          
   410   655  183243.2-015344   18.54534   -1.89569  3.60E-2  4.30E-2    1.11   0.20   9.7  0.4   11.6    7.1   10.5    6.0    3.6    6.4   0.6  prestellar          
   411   657  183247.6-015150   18.54657   -1.86397  1.80E-2  2.90E-2    1.57   0.19   9.6  0.2   29.3   22.5   58.0   18.2   17.1   70.8   0.2  prestellar          
   412   660  183249.5-025151   18.54711   -2.86431  2.70E-2  3.60E-2    0.13   0.09  10.4  2.1    3.7    1.3    2.3    2.1    0.8    1.9   3.9  prestellar          
   413   661  183250.7-025356   18.54743   -2.89897  4.00E-2  4.60E-2    0.32   0.08  12.7  0.8    6.7    1.8    2.4    3.3    0.8    1.3   2.5  prestellar          
   414   662  183251.3-024708   18.54761   -2.78581  3.40E-2  4.60E-2    0.41   0.20  11.5  4.5    4.3    2.3    4.1    2.1    1.1    2.7   1.7  prestellar          
   415   663  183251.5-023317   18.54765   -2.55483  5.40E-2  5.90E-2    0.66   0.16  12.0  0.8    6.8    2.3    2.7    2.9    0.9    1.1   1.6  prestellar          
   416   664  183253.0-032531   18.54808   -3.42536  2.00E-2  3.20E-2    0.20   0.14   9.2  1.3    2.4    2.3    6.2    1.4    1.6    6.9   1.9  prestellar          
   417   666  183253.2-015101   18.54813   -1.85033  2.60E-2  3.70E-2    0.15   0.10  12.4  2.2    3.4    1.3    2.7    1.9    0.8    2.3   3.3  prestellar          
   418   667  183253.4-025012   18.54817   -2.83667  4.60E-2  5.50E-2    0.44   0.22  11.5  4.5    6.2    1.7    2.5    2.8    0.7    1.2   2.0  prestellar          
   419   668  183254.4-014903   18.54845   -1.81750  3.00E-2  3.80E-2    0.45   0.10  11.6  0.7   11.5    3.6    5.8    6.3    2.1    4.2   1.3  prestellar          
   420   669  183254.6-014736   18.54852   -1.79350  3.70E-2  4.60E-2    0.26   0.13  10.3  1.2    5.2    1.5    2.3    2.6    0.7    1.3   2.8  prestellar          
   421   670  183255.5-014615   18.54876   -1.77097  2.30E-2  3.50E-2    0.13   0.04  11.7  0.7    2.3    1.3    3.0    1.3    0.8    2.8   3.4  prestellar          
   422   671  183255.9-025450   18.54888   -2.91400  3.30E-2  4.40E-2    0.19   0.10  11.2  1.5    3.9    1.2    2.1    2.0    0.6    1.4   3.4  prestellar          
   423   672  183256.0-024400   18.54889   -2.73333  4.30E-2  4.90E-2    0.89   0.17  10.8  0.4   15.1    4.4    5.7    7.3    2.0    2.9   1.0  prestellar          
   424   673  183257.3-025315   18.54925   -2.88764  2.10E-2  3.20E-2    0.10   0.08  10.8  1.9    1.6    1.2    2.8    0.9    0.8    2.9   4.1  prestellar          
   425   675  183258.5-025546   18.54960   -2.92964  1.70E-2  2.90E-2    0.29   0.12   9.8  0.9    6.1    4.0   11.2    3.7    3.0   14.1   1.2  prestellar          
   426   676  183301.4-024658   18.55039   -2.78294  5.40E-2  5.90E-2    2.00   0.53  10.1  0.6   19.8    6.8    8.3    8.5    2.5    3.4   0.5  prestellar          
   427   679  183303.4-025106   18.55094   -2.85181  2.20E-2  3.30E-2    2.08   0.50   7.8  0.4   28.5   23.0   50.1   16.8   15.4   49.6   0.2  prestellar          
   428   680  183305.8-025200   18.55162   -2.86689  2.50E-2  3.70E-2    1.48   0.67   7.1  0.6   15.2   12.5   27.0    8.5    7.3   23.3   0.3  prestellar          
   429   683  183309.8-024604   18.55275   -2.76778  4.90E-2  5.50E-2    0.95   0.26  10.1  0.7   11.9    3.8    4.6    5.4    1.5    2.1   1.0  prestellar          
   430   685  183312.4-024418   18.55346   -2.73853  4.30E-2  5.40E-2    0.31   0.15  10.8  1.2    4.2    1.3    2.0    1.9    0.5    1.0   2.8  prestellar          
   431   686  183314.1-023545   18.55394   -2.59586  3.10E-2  3.90E-2    0.23   0.14   9.7  1.1    3.8    1.8    2.9    2.0    1.0    2.1   2.6  prestellar          
   432   687  183314.3-024944   18.55397   -2.82900  1.90E-2  3.20E-2    0.18   0.13  10.0  1.5    3.6    2.2    5.8    2.2    1.5    6.7   2.1  prestellar          
   433   688  183314.9-024809   18.55414   -2.80272  3.10E-2  4.00E-2    0.83   0.45   7.7  0.8    9.1    6.1   10.4    4.9    3.3    7.4   0.7  prestellar          
   434   691  183322.2-024238   18.55618   -2.71064  5.70E-2  6.30E-2    1.13   0.42   8.8  0.8   13.7    3.4    4.2    5.6    1.2    1.6   1.0  prestellar          
   435   692  183329.2-024224   18.55813   -2.70692  3.40E-2  4.30E-2    0.58   0.19  10.0  0.8    8.3    3.7    6.0    4.3    1.9    3.9   1.2  prestellar          
   436   694  183332.4-024637   18.55902   -2.77711  3.10E-2  3.90E-2    0.64   0.34   7.8  0.8    9.9    5.0    8.1    5.4    2.8    5.8   0.9  prestellar          
   437   696  183353.6-030437   18.56490   -3.07694  3.10E-2  4.00E-2    0.24   0.15  10.0  1.6    4.6    1.8    3.1    2.5    1.0    2.2   2.5  prestellar          
   438   698  183354.3-030534   18.56508   -3.09297  1.70E-2  3.00E-2    0.20   0.10  10.8  1.3    4.3    2.7    7.9    2.6    2.0   10.0   1.7  prestellar          
   439   699  183359.8-030614   18.56663   -3.10394  2.10E-2  3.30E-2    0.13   0.08  11.6  1.8    3.2    1.4    3.4    1.9    0.9    3.5   3.3  prestellar          
   440   700  183404.3-030759   18.56787   -3.13317  3.20E-2  4.00E-2    0.25   0.08  13.4  1.2    4.6    1.8    2.9    2.5    1.0    2.0   2.6  prestellar          
   441   701  183408.1-014203   18.56894   -1.70100  2.30E-2  3.30E-2    0.12   0.06  12.2  1.4    3.6    1.3    2.7    2.2    0.9    2.6   3.8  prestellar          
   442   702  183411.1-014158   18.56977   -1.69969  2.40E-2  3.50E-2    0.26   0.12  10.2  0.9    5.4    2.5    5.5    3.1    1.6    5.1   1.8  prestellar          
   443   703  183414.8-014158   18.57080   -1.69964  4.30E-2  4.90E-2    0.46   0.13  11.5  0.9    6.8    2.2    2.9    3.3    1.0    1.5   1.9  prestellar          
   444   705  183426.9-014240   18.57416   -1.71128  3.30E-2  4.70E-2    0.68   0.19  11.6  0.9    7.0    3.6    7.5    3.4    1.6    5.1   1.0  prestellar          
   445   706  183428.5-014437   18.57460   -1.74386  1.90E-2  3.10E-2    0.16   0.10  11.1  1.6    3.4    2.0    5.0    2.0    1.4    5.7   2.4  prestellar          
   446   711  183520.4-032055   18.58902   -3.34883  2.60E-2  3.90E-2    0.39   0.16   9.2  0.8    5.4    3.1    6.8    2.9    1.7    5.7   1.3  prestellar          
