     1    31  182511.4-025851   18.41985   -2.98094  1.90E-2  3.10E-2    0.33   0.05  11.7  0.5    6.5    4.0   10.4    3.9    2.8   11.7   1.2  protostellar        
     2    32  182513.1-025955   18.42032   -2.99861  1.70E-2  2.90E-2    0.85   0.42  11.5  4.5   10.8   11.8   34.8    6.7    8.8   44.7   0.4  protostellar        
     3    55  182713.3-034014   18.45372   -3.67072  1.50E-2  2.70E-2    0.03   0.01  16.9  3.7    0.8    0.4    1.3    0.5    0.4    1.8  11.9  protostellar        
     4    68  182740.6-034935   18.46130   -3.82653  1.80E-2  3.00E-2    0.60   0.04  23.3  0.2    8.1    8.1   22.1    4.9    6.0   27.0   0.6  protostellar        
     5    77  182749.9-034912   18.46389   -3.82022  1.60E-2  2.80E-2    0.16   0.04  15.5  0.8    3.7    2.6    7.4    2.3    2.0    9.9   2.0  protostellar        
     6    79  182754.3-034237   18.46510   -3.71033  2.00E-2  3.10E-2    2.06   0.26  12.3  0.5   42.4   24.8   64.2   25.5   17.3   72.1   0.2  protostellar        
     7    92  182809.2-034809   18.46923   -3.80275  1.60E-2  2.70E-2    3.06   0.43  13.4  0.7   54.9   50.8  149.4   34.9   41.6  209.9   0.1  protostellar        
     8   135  182848.0-013811   18.48003   -1.63656  1.40E-2  2.60E-2    0.22   0.04  14.7  0.9    6.8    3.8   13.2    4.3    3.2   20.8   1.3  protostellar        
     9   147  182900.0-014242   18.48334   -1.71189  1.40E-2  2.60E-2    0.39   0.98  10.4  1.1   11.2    7.1   23.3    7.2    6.0   36.0   0.7  protostellar        
    10   151  182903.6-013903   18.48434   -1.65083  1.40E-2  2.60E-2    1.07   0.09  13.3  0.3   24.5   19.4   65.5   15.8   16.7  103.2   0.3  protostellar        
    11   155  182905.5-014153   18.48487   -1.69822  1.50E-2  2.80E-2    1.20   0.32  15.6  2.6   25.5   18.7   64.1   16.0   14.9   94.4   0.2  protostellar        
    12   157  182906.1-034251   18.48503   -3.71433  2.50E-2  3.50E-2    1.21   0.61  11.5  4.5   20.8   11.5   22.8   11.9    7.1   19.9   0.4  protostellar        
    13   160  182907.3-034324   18.48537   -3.72347  1.30E-2  2.60E-2    1.79   0.13  11.6  0.2   34.3   32.5  120.8   22.1   27.9  199.6   0.1  protostellar        
    14   163  182908.3-013046   18.48565   -1.51300  1.40E-2  2.60E-2    2.28   0.36  13.7  1.0   39.4   40.2  141.4   25.3   34.0  224.1   0.1  protostellar        
    15   171  182912.6-014618   18.48686   -1.77178  3.10E-2  3.90E-2    1.32   0.21  10.0  0.4   28.4   10.3   15.9   15.5    5.8   11.1   0.5  protostellar        
    16   174  182913.1-020351   18.48697   -2.06422  1.80E-2  3.00E-2    0.34   0.07  18.5  4.4    4.5    4.4   12.6    2.7    3.2   15.5   1.0  protostellar        
    17   196  182921.1-013712   18.48920   -1.62022  1.70E-2  2.90E-2    0.32   0.06  11.3  0.5    6.9    4.4   12.4    4.3    3.3   15.6   1.1  protostellar        
    18   202  182923.6-013854   18.48991   -1.64833  1.40E-2  2.60E-2    0.71   0.11  11.9  0.8   11.9   12.7   41.7    7.7   10.8   64.5   0.4  protostellar        
    19   209  182925.5-014731   18.49043   -1.79208  2.40E-2  3.40E-2    0.11   0.02  14.2  0.6    3.1    1.1    2.2    1.8    0.7    1.9   4.4  protostellar        
    20   250  182943.4-015649   18.49540   -1.94719  1.50E-2  2.60E-2    0.17   0.02  14.6  0.5    5.2    2.8    9.1    3.3    2.4   13.5   1.8  protostellar        
    21   251  182943.8-021256   18.49551   -2.21556  1.70E-2  2.90E-2    0.85   0.43  11.5  4.5   20.4   11.8   36.1   12.6    8.8   47.3   0.4  protostellar        
    22   271  182953.0-015804   18.49807   -1.96792  2.20E-2  3.30E-2    0.58   1.65  10.9  1.2   23.3    6.2   14.2   13.7    4.1   14.1   0.8  protostellar        
    23   285  182959.6-020058   18.49991   -2.01631  1.30E-2  2.60E-2    0.73   4.54  11.5  1.6   27.8   12.5   48.2   17.8   10.5   79.1   0.4  protostellar        
    24   289  183000.8-020657   18.50024   -2.11592  1.80E-2  3.00E-2    1.01   0.16  10.2  0.3   23.3   13.1   36.0   14.2    9.5   43.3   0.4  protostellar        
    25   290  183001.2-020609   18.50033   -2.10272  1.90E-2  3.00E-2    0.32   0.07  17.6  1.8    7.7    4.1   10.8    4.7    3.0   12.6   1.2  protostellar        
    26   292  183001.5-021025   18.50042   -2.17375  1.30E-2  2.50E-2    1.08   0.30  16.5  3.5   22.6   20.2   72.7   14.7   17.6  120.2   0.2  protostellar        
    27   297  183003.6-013629   18.50102   -1.60817  1.90E-2  3.10E-2    0.80   0.17  10.7  0.5   17.0    9.8   27.0   10.2    6.9   31.6   0.5  protostellar        
    28   299  183004.1-020305   18.50116   -2.05153  1.60E-2  2.70E-2    7.98   1.51  15.5  1.2  170.4  129.2  392.6  107.9  104.5  553.9   0.0  protostellar        
    29   315  183012.4-020653   18.50346   -2.11489  1.50E-2  2.70E-2    1.07   0.54  11.5  4.5   28.2   17.5   57.5   17.9   14.2   84.6   0.3  protostellar        
    30   321  183014.9-013334   18.50415   -1.55969  1.50E-2  2.70E-2    0.68   0.35  10.5  0.5   28.7   11.1   35.8   18.2    9.0   52.2   0.4  protostellar        
    31   323  183016.2-020716   18.50451   -2.12119  1.30E-2  2.50E-2    0.57   0.29  11.5  4.5   19.9   10.8   39.8   12.9    9.5   66.7   0.5  protostellar        
    32   326  183017.6-020959   18.50490   -2.16647  1.60E-2  2.80E-2    0.74   0.10  11.9  0.3   17.7   10.9   35.4   11.0    8.4   49.2   0.4  protostellar        
    33   342  183026.0-021041   18.50723   -2.17811  1.10E-2  2.30E-2    0.81   0.10  13.7  0.5   17.0   18.2   73.0   11.3   17.4  139.5   0.3  protostellar        
    34   347  183027.9-021059   18.50777   -2.18306  1.70E-2  2.90E-2    0.55   0.27  14.5  4.5   13.6    7.8   21.6    8.4    6.0   27.4   0.6  protostellar        
    35   349  183028.9-015603   18.50805   -1.93422  1.40E-2  2.70E-2    1.60   0.80  11.5  4.5   22.1   26.0   95.2   14.0   21.1  147.9   0.2  protostellar        
    36   351  183029.2-015650   18.50813   -1.94739  2.90E-2  3.80E-2    1.09   0.13  11.9  0.4   27.0    9.0   15.0   14.9    5.2   11.2   0.5  protostellar        
    37   362  183037.5-020856   18.51043   -2.14897  5.50E-2  6.00E-2    0.36   0.05  15.5  0.6    4.6    1.2    1.4    2.0    0.4    0.5   3.1  protostellar        
    38   385  183047.3-015654   18.51314   -1.94833  1.90E-2  3.00E-2    0.46   0.23  11.5  4.5    7.6    6.2   15.4    4.7    4.6   18.0   0.8  protostellar        
    39   388  183049.5-015603   18.51377   -1.93433  2.90E-2  3.70E-2    1.16   0.10  12.2  0.3   25.2   10.0   16.1   14.1    5.9   12.1   0.5  protostellar        
    40   411  183100.2-020152   18.51674   -2.03114  1.70E-2  2.90E-2    0.03   0.01  22.4  2.0    1.3    0.4    1.3    0.8    0.3    1.6  11.0  protostellar        
    41   412  183100.2-015959   18.51674   -1.99989  2.10E-2  3.10E-2    0.10   0.02  21.7  1.3    2.4    1.2    2.9    1.4    0.9    3.1   3.9  protostellar        
    42   431  183109.7-020622   18.51939   -2.10619  1.40E-2  2.60E-2    2.88   0.57  13.7  1.0   63.5   49.3  166.1   40.6   41.0  253.9   0.1  protostellar        
    43   459  183121.1-020619   18.52254   -2.10533  2.00E-2  3.10E-2    2.96   0.46  18.6  3.6   41.8   36.3   86.5   25.2   25.6   94.0   0.1  protostellar        
    44   486  183132.3-020859   18.52565   -2.14972  2.00E-2  3.30E-2    0.05   0.01  23.7  2.2    1.5    0.6    1.6    0.9    0.4    1.7   7.3  protostellar        
    45   499  183138.3-021303   18.52732   -2.21753  2.20E-2  3.40E-2    0.13   0.02  26.8  1.3    2.8    1.4    3.1    1.6    0.9    3.0   3.4  protostellar        
    46   504  183139.4-021655   18.52761   -2.28194  1.90E-2  3.00E-2    1.95   0.26  12.2  0.5   38.6   26.1   65.0   23.7   19.3   75.6   0.2  protostellar        
    47   515  183145.1-020310   18.52921   -2.05283  1.30E-2  2.50E-2    0.03   0.01  25.2  1.1   28.9    0.6    2.2   18.8    0.5    3.8   8.4  protostellar        
    48   541  183151.9-015448   18.53110   -1.91336  2.30E-2  3.50E-2    0.20   0.03  16.4  0.6    4.5    1.9    4.6    2.6    1.2    4.4   2.3  protostellar        
    49   543  183152.3-020127   18.53120   -2.02425  2.10E-2  3.20E-2    1.17   0.33  11.1  0.5   20.3   14.0   32.0   12.2    9.7   33.7   0.4  protostellar        
    50   544  183152.6-022938   18.53129   -2.49408  1.40E-2  2.70E-2    0.72   0.15  12.6  1.1   11.6   12.1   45.0    7.4   10.0   71.8   0.4  protostellar        
    51   580  183205.2-022111   18.53480   -2.35311  1.40E-2  2.60E-2    1.47   0.18  12.0  0.4   32.5   25.8   85.8   20.8   21.8  132.0   0.2  protostellar        
    52   595  183213.6-015730   18.53712   -1.95836  1.10E-2  2.30E-2    0.11   0.01  18.9  0.6    4.5    2.5   10.1    3.0    2.4   19.3   2.0  protostellar        
    53   599  183216.1-023449   18.53781   -2.58033  1.70E-2  2.90E-2    1.27   0.18  12.1  0.6   24.7   17.4   53.0   15.2   13.0   68.9   0.3  protostellar        
    54   631  183228.8-015221   18.54135   -1.87267  1.20E-2  2.50E-2    0.75   0.08  13.0  0.7   12.8   14.6   58.5    8.4   13.0  104.3   0.3  protostellar        
    55   652  183242.7-024754   18.54520   -2.79844  1.70E-2  2.80E-2    0.47   0.23  11.5  4.5    6.8    6.9   20.2    4.2    5.4   26.7   0.7  protostellar        
    56   658  183248.0-023941   18.54667   -2.66142  1.50E-2  2.70E-2    0.06   0.02  13.5  1.3    1.1    1.0    3.1    0.7    0.8    4.5   5.0  protostellar        
    57   681  183306.8-024416   18.55189   -2.73803  3.10E-2  3.90E-2    0.42   0.05  13.0  0.4   10.2    3.3    5.3    5.6    1.9    3.8   1.4  protostellar        
    58   693  183329.6-024556   18.55824   -2.76575  2.30E-2  3.30E-2    0.20   0.10  11.5  4.5    5.2    2.2    4.5    3.0    1.5    4.2   2.3  protostellar        
