     1     1  182154.6-025557   18.36518   -2.93256  2.60E-2  3.70E-2    0.09   0.05  11.5  4.5    1.0    0.8    1.6    0.5    0.5    1.4   5.6  starless            
     2     2  182215.5-030107   18.37099   -3.01886  2.30E-2  3.30E-2    0.09   0.05  11.5  4.5    1.1    1.0    2.2    0.6    0.7    2.1   4.7  starless            
     3     3  182246.4-032847   18.37956   -3.47994  2.90E-2  3.80E-2    0.09   0.05  11.5  4.5    1.0    0.8    1.4    0.6    0.4    1.1   6.0  starless            
     4     4  182254.4-033415   18.38179   -3.57100  2.50E-2  3.40E-2    0.11   0.05  11.5  4.5    1.2    1.1    2.0    0.7    0.7    1.8   4.6  starless            
     5     7  182324.2-025449   18.39006   -2.91364  1.80E-2  3.00E-2    0.08   0.04  11.5  4.5    2.2    1.0    2.7    1.3    0.7    3.2   4.8  starless            
     6     9  182325.9-025725   18.39054   -2.95703  4.70E-2  5.20E-2    0.25   0.13  11.5  4.5    1.5    1.1    1.4    0.7    0.5    0.6   3.7  starless            
     7    11  182339.9-031334   18.39444   -3.22625  4.30E-2  4.90E-2    0.15   0.08  12.9  1.7    2.3    0.8    1.0    1.1    0.3    0.5   5.5  starless            
     8    12  182340.8-025616   18.39468   -2.93778  2.00E-2  3.20E-2    0.08   0.04  11.5  4.5    0.9    1.0    2.6    0.6    0.7    2.9   4.7  starless            
     9    13  182344.2-025439   18.39561   -2.91108  1.50E-2  2.80E-2    0.05   0.02  11.5  4.5    0.6    0.8    2.6    0.4    0.6    3.8   6.0  starless            
    10    17  182352.8-025457   18.39800   -2.91600  1.10E-2  2.30E-2    0.03   0.01  11.5  4.5    0.4    0.7    2.6    0.3    0.6    5.0   7.7  starless            
    11    18  182353.5-025436   18.39820   -2.91011  8.80E-2  9.20E-2    0.44   0.22  11.5  4.5    2.0    0.6    0.7    0.6    0.2    0.2   3.9  starless            
    12    19  182404.2-025513   18.40117   -2.92042  3.50E-2  4.20E-2    0.09   0.04  11.5  4.5    1.0    0.6    0.8    0.5    0.3    0.5   8.0  starless            
    13    20  182406.0-025633   18.40168   -2.94261  6.60E-2  7.00E-2    0.30   0.15  11.5  4.5    1.7    0.7    0.8    0.6    0.2    0.3   4.3  starless            
    14    22  182411.8-020512   18.40330   -2.08683  2.50E-2  3.90E-2    0.06   0.03  11.5  4.5    1.0    0.5    1.2    0.5    0.3    1.1   7.6  starless            
    15    23  182428.8-025329   18.40800   -2.89153  3.90E-2  4.60E-2    0.11   0.06  13.1  2.2    2.5    0.6    0.9    1.3    0.3    0.5   6.8  starless            
    16    24  182429.8-034118   18.40830   -3.68836  3.50E-2  4.20E-2    0.13   0.08  10.9  1.5    2.0    0.9    1.3    1.1    0.4    0.8   5.2  starless            
    17    25  182435.4-031340   18.40984   -3.22800  3.80E-2  4.60E-2    0.16   0.08  11.5  4.5    1.3    0.9    1.4    0.7    0.4    0.8   4.5  starless            
    18    26  182456.1-023101   18.41560   -2.51703  4.20E-2  4.90E-2    0.10   0.04  11.7  1.1    1.5    0.5    0.7    0.7    0.2    0.4   8.2  starless            
    19    28  182502.6-025242   18.41741   -2.87836  3.20E-2  4.40E-2    0.08   0.04  16.9  2.5    1.1    0.5    1.0    0.6    0.3    0.7   7.6  starless            
    20    35  182520.4-025200   18.42236   -2.86683  3.20E-2  4.00E-2    0.09   0.05  11.5  4.5    0.9    0.7    1.1    0.5    0.4    0.7   6.8  starless            
    21    36  182522.1-025538   18.42281   -2.92739  4.00E-2  4.90E-2    0.18   0.09  12.5  1.5    2.2    0.9    1.3    1.1    0.4    0.7   4.5  starless            
    22    37  182529.8-025335   18.42495   -2.89322  5.30E-2  5.80E-2    0.12   0.07  12.8  1.8    2.0    0.4    0.5    0.8    0.2    0.2   8.4  starless            
    23    40  182543.9-024940   18.42887   -2.82783  2.30E-2  3.50E-2    0.10   0.05  11.5  4.5    0.9    0.9    2.2    0.5    0.6    2.1   4.7  starless            
    24    41  182545.9-025655   18.42943   -2.94883  6.20E-2  6.70E-2    0.28   0.14  11.5  4.5    1.8    0.8    0.9    0.7    0.2    0.3   4.3  starless            
    25    42  182546.7-030547   18.42965   -3.09639  3.70E-2  4.50E-2    0.11   0.07  14.1  2.7    2.0    0.6    0.9    1.0    0.3    0.6   6.7  starless            
    26    43  182546.8-025438   18.42969   -2.91075  2.30E-2  3.60E-2    0.10   0.05  11.5  4.5    1.4    0.9    2.3    0.8    0.6    2.3   4.5  starless            
    27    44  182559.0-025424   18.43307   -2.90686  3.50E-2  4.20E-2    0.06   0.05  13.7  3.4    1.4    0.4    0.6    0.7    0.2    0.4  11.6  starless            
    28    45  182603.5-035148   18.43431   -3.86358  4.20E-2  4.90E-2    0.08   0.02  15.8  1.1    1.0    0.4    0.5    0.5    0.2    0.3  10.5  starless            
    29    46  182624.0-035127   18.44000   -3.85769  3.80E-2  4.50E-2    0.13   0.08  13.2  2.2    1.8    0.7    1.1    0.9    0.4    0.6   5.8  starless            
    30    47  182629.6-030109   18.44156   -3.01936  4.00E-2  4.60E-2    0.12   0.05  12.5  1.5    2.3    0.7    0.9    1.1    0.3    0.5   6.5  starless            
    31    52  182644.1-040143   18.44559   -4.02886  4.70E-2  5.30E-2    0.17   0.09  11.5  4.5    1.8    0.7    0.9    0.8    0.3    0.4   5.3  starless            
    32    54  182707.0-025033   18.45197   -2.84272  3.30E-2  4.00E-2    0.15   0.12  12.3  2.5    2.4    1.1    1.7    1.3    0.6    1.1   4.2  starless            
    33    58  182721.6-033954   18.45600   -3.66514  2.00E-2  3.30E-2    0.09   0.04  11.8  1.1    1.1    1.0    2.6    0.7    0.6    2.8   4.5  starless            
    34    59  182721.9-030252   18.45610   -3.04783  3.40E-2  4.10E-2    0.14   0.11  11.8  2.4    2.2    1.0    1.5    1.2    0.5    1.0   4.8  starless            
    35    62  182724.1-005007   18.45672   -0.83550  6.60E-2  7.00E-2    0.23   0.05  13.1  0.8    2.4    0.6    0.6    0.9    0.2    0.2   5.6  starless            
    36    64  182731.5-030218   18.45875   -3.03836  2.20E-2  3.30E-2    0.09   0.08  12.0  2.7    1.9    0.9    2.2    1.1    0.6    2.2   4.9  starless            
    37    66  182737.9-035047   18.46055   -3.84642  1.80E-2  3.00E-2    0.04   0.01  25.5  3.4    0.8    0.5    1.3    0.5    0.4    1.6   9.9  starless            
    38    67  182739.2-004354   18.46091   -0.73192  2.10E-2  3.30E-2    0.08   0.05  11.8  1.7    1.5    0.8    2.1    0.9    0.6    2.2   5.4  starless            
    39    69  182743.2-042841   18.46201   -4.47817  1.70E-2  2.80E-2    0.06   0.03  11.5  4.5    1.1    1.0    2.6    0.7    0.8    3.4   5.3  starless            
    40    71  182744.5-035413   18.46237   -3.90372  4.20E-2  4.80E-2    0.13   0.07  14.5  4.5    3.4    0.7    0.9    1.7    0.3    0.5   6.3  starless            
    41    76  182748.7-030928   18.46354   -3.15789  8.30E-2  8.60E-2    0.50   0.25  11.5  4.5    2.2    0.8    0.9    0.7    0.2    0.2   3.3  starless            
    42    78  182751.4-035317   18.46428   -3.88828  2.90E-2  4.00E-2    0.07   0.04  16.9  2.7    0.9    0.5    0.9    0.5    0.3    0.7   8.6  starless            
    43    83  182757.4-033548   18.46597   -3.59681  2.30E-2  3.40E-2    0.09   0.05  11.5  4.5    1.1    1.0    2.0    0.7    0.6    1.9   5.0  starless            
    44    88  182805.4-034021   18.46819   -3.67261  2.00E-2  3.10E-2    0.09   0.04  11.5  4.5    1.2    1.1    2.6    0.7    0.8    2.9   4.5  starless            
    45    91  182808.0-032558   18.46889   -3.43283  3.70E-2  4.40E-2    0.10   0.05  11.5  4.5    1.0    0.6    0.8    0.5    0.3    0.5   7.4  starless            
    46    97  182812.9-034434   18.47027   -3.74294  1.90E-2  3.00E-2    0.08   0.04  11.5  4.5    1.1    1.0    2.5    0.7    0.7    2.9   4.9  starless            
    47    99  182813.2-013718   18.47034   -1.62167  1.80E-2  2.90E-2    0.06   0.03  11.5  4.5    0.9    0.8    2.1    0.6    0.6    2.6   6.2  starless            
    48   101  182814.7-041645   18.47076   -4.27922  3.80E-2  4.60E-2    0.16   0.08  11.5  4.5    1.5    0.9    1.3    0.7    0.4    0.8   4.6  starless            
    49   103  182816.6-041504   18.47129   -4.25122  4.80E-2  5.40E-2    0.16   0.08  12.5  1.5    2.4    0.7    0.8    1.1    0.3    0.4   5.8  starless            
    50   105  182817.1-035248   18.47142   -3.88022  4.80E-2  5.30E-2    0.26   0.11  10.7  1.0    3.0    1.1    1.3    1.4    0.4    0.6   3.7  starless            
    51   106  182818.3-015302   18.47176   -1.88397  2.50E-2  3.80E-2    0.11   0.05  11.5  4.5    1.2    0.9    2.0    0.7    0.5    1.7   4.6  starless            
    52   109  182821.6-035218   18.47269   -3.87178  1.80E-2  3.00E-2    0.06   0.03  11.5  4.5    0.9    0.8    2.3    0.5    0.6    2.7   5.7  starless            
    53   113  182824.1-041452   18.47339   -4.24781  2.60E-2  3.60E-2    0.11   0.06  11.5  4.5    7.6    1.0    1.9    4.3    0.6    1.6   4.6  starless            
    54   114  182825.1-024741   18.47364   -2.79486  4.20E-2  4.90E-2    0.16   0.08  11.5  4.5    1.8    0.8    1.1    0.9    0.4    0.6   5.0  starless            
    55   119  182830.7-034348   18.47520   -3.73000  1.50E-2  2.60E-2    0.06   0.03  11.5  4.5    0.8    1.0    3.2    0.5    0.9    4.7   4.9  starless            
    56   126  182839.9-015234   18.47776   -1.87617  4.20E-2  4.90E-2    0.13   0.07  11.5  4.5    1.7    0.6    0.9    0.8    0.3    0.5   6.3  starless            
    57   130  182845.8-014114   18.47939   -1.68739  2.30E-2  3.30E-2    0.08   0.04  11.5  4.5    1.1    0.9    1.7    0.6    0.6    1.6   5.8  starless            
    58   133  182847.7-014205   18.47993   -1.70150  4.40E-2  5.10E-2    0.17   0.12  14.2  2.9    2.9    0.8    1.0    1.4    0.3    0.5   5.1  starless            
    59   137  182851.9-004827   18.48110   -0.80767  8.60E-2  9.00E-2    0.39   0.07  13.3  0.6    1.6    0.6    0.6    0.5    0.1    0.2   4.4  starless            
    60   138  182853.9-020249   18.48166   -2.04717  1.90E-2  3.00E-2    0.07   0.02  16.5  1.6    1.4    1.0    2.5    0.9    0.7    3.0   5.0  starless            
    61   139  182856.6-020333   18.48241   -2.05931  7.20E-2  7.50E-2    0.41   0.15  15.9  1.6    2.1    0.9    0.9    0.8    0.2    0.3   3.5  starless            
    62   143  182858.3-014820   18.48288   -1.80561  3.20E-2  4.00E-2    0.11   0.06  11.5  4.5    1.5    0.8    1.3    0.8    0.5    0.9   5.7  starless            
    63   150  182903.0-020400   18.48417   -2.06669  2.10E-2  3.10E-2    0.03   0.02  17.1  2.5    0.5    0.4    0.8    0.3    0.2    0.9  14.3  starless            
    64   154  182905.1-021453   18.48476   -2.24814  3.60E-2  4.50E-2    0.16   0.08  11.5  4.5    1.7    0.9    1.4    0.9    0.5    0.9   4.5  starless            
    65   156  182906.0-013626   18.48501   -1.60742  8.50E-2  8.80E-2    0.56   0.28  11.5  4.5    2.7    0.9    0.9    0.9    0.2    0.2   3.0  starless            
    66   161  182907.6-014613   18.48546   -1.77042  1.90E-2  3.00E-2    0.05   0.02  11.5  4.5    0.8    0.6    1.6    0.5    0.5    1.8   7.8  starless            
    67   172  182912.7-014321   18.48688   -1.72256  2.50E-2  3.50E-2    0.05   0.06  13.8  3.4    1.8    0.4    0.9    1.0    0.3    0.7  10.6  starless            
    68   173  182913.0-030516   18.48694   -3.08792  2.00E-2  3.20E-2    0.04   0.02  13.2  1.5    0.5    0.4    1.1    0.3    0.3    1.2  10.8  starless            
    69   175  182913.8-015334   18.48719   -1.89281  1.40E-2  2.60E-2    0.06   0.03  11.5  4.5    0.9    1.0    3.4    0.6    0.8    5.3   5.0  starless            
    70   178  182915.1-034305   18.48753   -3.71828  2.10E-2  3.20E-2    0.09   0.04  11.5  4.5    1.2    1.0    2.5    0.7    0.7    2.6   4.6  starless            
    71   179  182915.1-011147   18.48755   -1.19644  8.10E-2  8.40E-2    0.45   0.27  13.8  2.4    2.5    0.8    0.8    0.8    0.2    0.2   3.5  starless            
    72   184  182918.7-033846   18.48853   -3.64633  4.50E-2  5.20E-2    0.21   0.11  11.5  4.5    1.9    0.9    1.2    0.9    0.4    0.6   4.2  starless            
    73   186  182918.7-013303   18.48854   -1.55097  2.10E-2  3.20E-2    0.07   0.04  11.5  4.5    1.2    0.9    2.0    0.7    0.6    2.2   5.5  starless            
    74   187  182919.0-022253   18.48861   -2.38164  4.80E-2  5.30E-2    0.09   0.05  14.5  4.5    1.6    0.4    0.5    0.7    0.2    0.2  10.1  starless            
    75   190  182919.8-020127   18.48884   -2.02433  2.20E-2  3.40E-2    0.09   0.08  13.1  3.0    1.4    0.9    2.1    0.8    0.6    2.0   5.0  starless            
    76   193  182920.4-025526   18.48901   -2.92411  5.10E-2  5.60E-2    0.21   0.11  11.5  4.5    1.8    0.8    1.0    0.8    0.3    0.4   4.7  starless            
    77   203  182923.7-011708   18.48992   -1.28567  4.00E-2  4.60E-2    0.13   0.07  11.5  4.5    1.6    0.7    1.0    0.8    0.3    0.5   6.1  starless            
    78   206  182924.4-042554   18.49013   -4.43178  2.30E-2  3.30E-2    0.06   0.03  11.5  4.5    0.8    0.7    1.5    0.5    0.5    1.4   7.0  starless            
    79   208  182925.4-014605   18.49039   -1.76808  4.60E-2  5.20E-2    0.24   0.12  11.5  4.5    2.7    1.0    1.4    1.3    0.4    0.6   3.8  starless            
    80   210  182925.9-030924   18.49054   -3.15672  3.00E-2  4.00E-2    0.11   0.04  14.3  1.0    1.4    0.8    1.5    0.8    0.5    1.1   5.2  starless            
    81   214  182926.9-014641   18.49081   -1.77808  1.10E-2  2.30E-2    0.04   0.04  13.2  3.3    1.4    0.8    3.3    0.9    0.8    6.3   6.2  starless            
    82   215  182927.9-015237   18.49108   -1.87694  2.30E-2  3.50E-2    0.07   0.04  11.5  4.5    1.1    0.7    1.6    0.6    0.5    1.5   6.3  starless            
    83   218  182929.2-014501   18.49146   -1.75042  4.10E-2  4.70E-2    0.14   0.07  11.5  4.5    2.5    0.7    1.0    1.2    0.3    0.5   5.9  starless            
    84   226  182934.3-014240   18.49286   -1.71125  5.40E-2  5.90E-2    0.28   0.14  11.5  4.5    2.6    0.9    1.1    1.1    0.3    0.4   3.9  starless            
    85   229  182934.4-021435   18.49290   -2.24311  2.10E-2  3.20E-2    0.03   0.01  11.5  4.5    0.7    0.3    0.7    0.4    0.2    0.8  15.1  starless            
    86   230  182935.5-023320   18.49321   -2.55578  5.00E-2  5.50E-2    0.16   0.10  16.3  3.6    1.5    0.6    0.8    0.7    0.3    0.3   6.1  starless            
    87   232  182935.8-034416   18.49329   -3.73783  3.60E-2  4.30E-2    0.16   0.10  12.4  2.0    2.6    1.0    1.5    1.3    0.5    0.9   4.3  starless            
    88   233  182936.2-034519   18.49340   -3.75547  6.20E-2  6.70E-2    0.26   0.11  13.0  1.5    2.9    0.7    0.8    1.1    0.2    0.3   4.7  starless            
    89   236  182937.2-015559   18.49369   -1.93319  2.00E-2  3.10E-2    0.05   0.02  11.5  4.5    0.9    0.6    1.5    0.5    0.4    1.7   7.9  starless            
    90   238  182937.4-021345   18.49374   -2.22928  2.00E-2  3.00E-2    0.07   0.03  11.5  4.5    8.1    0.9    2.2    4.9    0.6    2.4   5.5  starless            
    91   248  182942.2-031954   18.49508   -3.33178  2.90E-2  3.90E-2    0.09   0.05  11.5  4.5    1.0    0.7    1.3    0.6    0.4    0.9   6.4  starless            
    92   249  182943.0-020039   18.49530   -2.01097  1.80E-2  2.90E-2    0.02   0.01  16.0  2.6    0.6    0.2    0.6    0.3    0.2    0.8  21.2  starless            
    93   260  182947.0-031303   18.49640   -3.21753  3.00E-2  4.00E-2    0.14   0.07  11.5  4.5    3.0    1.0    1.9    1.6    0.6    1.4   4.2  starless            
    94   268  182950.5-021239   18.49736   -2.21089  1.50E-2  2.70E-2    0.06   0.03  11.5  4.5    1.1    1.0    3.1    0.7    0.8    4.4   5.0  starless            
    95   274  182953.8-013706   18.49829   -1.61833  2.00E-2  3.10E-2    0.09   0.04  11.5  4.5    3.0    1.1    2.5    1.8    0.7    2.7   4.6  starless            
    96   279  182956.8-015345   18.49913   -1.89589  1.70E-2  2.80E-2    0.06   0.03  11.5  4.5    8.3    0.8    2.2    5.2    0.7    2.9   6.1  starless            
    97   306  183006.7-021848   18.50187   -2.31333  2.40E-2  3.60E-2    0.06   0.02  14.3  1.2    1.2    0.5    1.1    0.7    0.3    1.0   8.7  starless            
    98   308  183007.1-042726   18.50199   -4.45739  3.60E-2  4.40E-2    0.18   0.09  11.5  4.5    2.2    1.1    1.6    1.1    0.5    1.0   4.0  starless            
    99   310  183009.0-020407   18.50252   -2.06869  1.10E-2  2.40E-2    0.02   0.02  15.1  2.3    1.5    0.5    2.2    1.0    0.5    4.1   9.5  starless            
   100   311  183010.7-015803   18.50297   -1.96758  3.00E-2  3.80E-2    0.09   0.05  11.5  4.5    1.1    0.8    1.2    0.6    0.4    0.9   6.3  starless            
   101   313  183011.5-020047   18.50319   -2.01331  2.50E-2  3.40E-2    0.02   0.04  18.3  6.3    4.8    0.2    0.3    2.7    0.1    0.3  31.2  starless            
   102   314  183011.7-024533   18.50327   -2.75933  2.60E-2  3.60E-2    0.06   0.02  14.5  1.5    1.4    0.5    1.0    0.8    0.3    0.8   9.2  starless            
   103   318  183014.1-014953   18.50394   -1.83142  1.90E-2  3.00E-2    0.06   0.03  13.2  1.1    1.4    0.8    2.0    0.8    0.6    2.3   6.1  starless            
   104   324  183017.3-015713   18.50481   -1.95378  4.30E-2  4.90E-2    0.22   0.11  11.5  4.5    2.7    1.1    1.4    1.3    0.5    0.7   3.8  starless            
   105   325  183017.6-015622   18.50489   -1.93953  1.90E-2  3.00E-2    0.08   0.04  11.5  4.5    4.0    1.0    2.5    2.4    0.7    2.9   4.9  starless            
   106   327  183017.8-020117   18.50494   -2.02150  3.10E-2  3.90E-2    0.10   0.07  12.0  1.8    1.3    0.8    1.2    0.7    0.4    0.8   6.4  starless            
   107   331  183019.6-015153   18.50545   -1.86475  2.30E-2  3.50E-2    0.05   0.04  18.4  5.0    3.7    0.5    1.1    2.1    0.3    1.1   8.8  starless            
   108   335  183023.5-020610   18.50655   -2.10303  2.60E-2  3.50E-2    0.05   0.02  14.1  1.3    0.8    0.5    0.9    0.5    0.3    0.8   9.9  starless            
   109   338  183025.5-015839   18.50709   -1.97767  2.50E-2  3.60E-2    0.05   0.04  15.3  3.6    3.3    0.5    0.9    1.9    0.3    0.8  10.1  starless            
   110   344  183026.8-021427   18.50745   -2.24106  3.10E-2  3.90E-2    0.04   0.02  17.3  2.1    0.9    0.3    0.5    0.5    0.2    0.3  16.1  starless            
   111   350  183029.2-020831   18.50812   -2.14211  3.90E-2  4.80E-2    0.19   0.07  14.4  1.5    4.8    1.0    1.5    2.4    0.5    0.9   4.0  starless            
   112   354  183032.7-021816   18.50910   -2.30467  9.80E-2  1.00E-1    0.65   0.33  14.5  4.5    3.2    0.8    0.8    0.9    0.2    0.2   3.0  starless            
   113   359  183036.2-021708   18.51006   -2.28558  2.60E-2  3.50E-2    0.10   0.03  13.9  0.9    1.7    1.0    1.8    1.0    0.6    1.5   5.1  starless            
   114   360  183036.2-011742   18.51006   -1.29522  5.50E-2  6.10E-2    0.31   0.16  11.5  4.5    2.4    1.0    1.2    1.0    0.4    0.5   3.5  starless            
   115   365  183037.9-021012   18.51054   -2.17014  2.30E-2  3.30E-2    0.03   0.01  14.5  4.5    1.0    0.3    0.7    0.6    0.2    0.7  15.4  starless            
   116   367  183038.8-015550   18.51078   -1.93064  1.90E-2  3.00E-2    0.05   0.04  14.8  4.6    2.7    0.7    1.6    1.7    0.5    1.9   7.5  starless            
   117   369  183040.8-023124   18.51135   -2.52356  4.50E-2  5.00E-2    0.06   0.03  14.5  4.5    1.4    0.3    0.4    0.7    0.1    0.2  14.0  starless            
   118   370  183041.7-041557   18.51160   -4.26600  6.30E-2  6.80E-2    0.37   0.18  12.2  1.5    3.6    1.0    1.1    1.4    0.3    0.4   3.4  starless            
   119   379  183045.2-023018   18.51256   -2.50503  3.00E-2  3.80E-2    0.09   0.04  14.5  4.5    2.0    0.7    1.1    1.1    0.4    0.8   7.0  starless            
   120   380  183045.6-012137   18.51268   -1.36044  3.10E-2  3.90E-2    0.13   0.06  11.5  4.5    1.3    1.0    1.5    0.7    0.6    1.1   4.9  starless            
   121   387  183049.1-011538   18.51365   -1.26061  2.70E-2  3.50E-2    0.12   0.12  11.3  3.1    2.7    1.2    2.0    1.5    0.7    1.7   4.3  starless            
   122   390  183050.7-025025   18.51410   -2.84047  2.20E-2  3.40E-2    0.07   0.04  11.5  4.5    0.9    0.8    1.8    0.5    0.5    1.7   5.9  starless            
   123   393  183051.2-022808   18.51423   -2.46914  3.00E-2  3.90E-2    0.08   0.04  14.5  4.5    2.0    0.7    1.1    1.1    0.4    0.8   7.0  starless            
   124   396  183053.4-015014   18.51484   -1.83728  3.60E-2  4.30E-2    0.16   0.09  13.4  2.2    3.8    1.0    1.4    2.0    0.5    0.9   4.5  starless            
   125   400  183054.7-011502   18.51521   -1.25056  2.00E-2  3.10E-2    0.09   0.10  11.4  3.3    2.6    1.1    2.5    1.5    0.7    2.7   4.6  starless            
   126   408  183058.4-020554   18.51624   -2.09836  3.10E-2  3.90E-2    0.12   0.06  15.1  1.8    2.4    1.0    1.5    1.3    0.5    1.0   5.0  starless            
   127   410  183059.9-021957   18.51665   -2.33272  8.10E-2  8.40E-2    0.33   0.09  17.1  1.9    1.8    0.6    0.6    0.6    0.1    0.2   4.8  starless            
   128   419  183103.6-020641   18.51767   -2.11156  3.70E-2  4.40E-2    0.05   0.04  15.5  3.5    2.2    0.3    0.5    1.1    0.2    0.3  13.7  starless            
   129   423  183105.3-011450   18.51814   -1.24733  1.50E-2  2.80E-2    0.04   0.02  11.5  4.5    0.6    0.6    2.2    0.4    0.5    3.2   7.3  starless            
   130   424  183106.0-020755   18.51834   -2.13197  1.90E-2  3.10E-2    0.05   0.02  22.1  2.8    1.9    0.7    1.7    1.2    0.5    2.0   7.0  starless            
   131   427  183107.9-023109   18.51887   -2.51939  3.00E-2  3.90E-2    0.11   0.06  12.5  2.3    2.7    0.8    1.4    1.5    0.5    1.0   5.6  starless            
   132   429  183109.6-021410   18.51934   -2.23614  2.00E-2  3.10E-2    0.04   0.02  15.2  2.1    1.5    0.4    1.0    0.9    0.3    1.1  11.2  starless            
   133   437  183111.3-021631   18.51981   -2.27533  2.00E-2  3.10E-2    0.05   0.03  14.5  4.5    1.7    0.6    1.5    1.0    0.5    1.6   7.8  starless            
   134   443  183114.1-021605   18.52061   -2.26814  1.10E-2  2.40E-2    0.02   0.01  16.4  2.0    0.7    0.5    1.9    0.5    0.4    3.7  10.5  starless            
   135   446  183116.6-020151   18.52129   -2.03103  2.10E-2  3.20E-2    0.03   0.02  27.7  1.0    0.5    0.3    0.7    0.3    0.2    0.8  15.2  starless            
   136   448  183117.4-020051   18.52151   -2.01442  2.20E-2  3.40E-2    0.03   0.01  20.2  3.0    0.6    0.3    0.7    0.4    0.2    0.7  15.4  starless            
   137   449  183117.6-023012   18.52157   -2.50347  3.50E-2  4.30E-2    0.13   0.06  14.0  1.8    2.0    0.8    1.2    1.1    0.4    0.8   5.5  starless            
   138   450  183118.4-021808   18.52180   -2.30239  1.20E-2  2.50E-2    0.04   0.02  14.3  1.7    1.0    0.8    3.1    0.6    0.7    5.7   6.2  starless            
   139   452  183118.6-011809   18.52184   -1.30258  5.20E-2  5.70E-2    0.22   0.10  12.1  1.7    3.3    0.8    1.0    1.5    0.3    0.4   4.7  starless            
   140   454  183119.6-015803   18.52213   -1.96750  2.00E-2  3.30E-2    0.05   0.02  17.9  2.4    2.1    0.5    1.4    1.2    0.4    1.5   8.2  starless            
   141   455  183120.2-021122   18.52229   -2.18967  5.70E-2  6.30E-2    0.33   0.02  32.1  0.4    3.2    1.0    1.2    1.3    0.3    0.4   3.5  starless            
   142   457  183120.7-023350   18.52243   -2.56389  1.80E-2  3.00E-2    0.06   0.03  12.7  1.5    0.7    0.8    2.0    0.5    0.6    2.5   6.3  starless            
   143   461  183122.6-020137   18.52295   -2.02706  3.00E-2  3.80E-2    0.14   0.05  15.0  1.2    2.7    1.1    1.8    1.5    0.6    1.3   4.4  starless            
   144   467  183124.2-020754   18.52339   -2.13189  1.30E-2  2.50E-2    0.03   0.01  25.3  4.0    0.8    0.5    1.9    0.5    0.4    3.2   9.7  starless            
   145   472  183127.9-015914   18.52442   -1.98739  3.10E-2  3.90E-2    0.04   0.03  16.2  3.8    1.1    0.3    0.5    0.6    0.2    0.3  15.9  starless            
   146   475  183128.3-045606   18.52455   -4.93500  2.60E-2  3.90E-2    0.10   0.05  11.5  4.5    1.2    0.8    1.7    0.7    0.4    1.5   5.2  starless            
   147   480  183129.9-023022   18.52500   -2.50625  2.20E-2  3.50E-2    0.05   0.03  14.5  4.5    1.5    0.5    1.2    0.9    0.3    1.3   8.6  starless            
   148   485  183131.3-020827   18.52537   -2.14100  1.50E-2  2.60E-2    0.04   0.01  29.2  2.2    1.2    0.8    2.4    0.7    0.6    3.5   6.6  starless            
   149   488  183134.1-015937   18.52614   -1.99361  2.90E-2  3.80E-2    0.07   0.10  13.9  4.5    1.7    0.6    1.0    0.9    0.4    0.8   7.8  starless            
   150   489  183134.2-022500   18.52619   -2.41692  2.40E-2  3.60E-2    0.09   0.05  14.5  4.5    2.3    0.8    2.0    1.3    0.5    1.8   5.0  starless            
   151   492  183136.4-022925   18.52678   -2.49039  2.50E-2  3.50E-2    0.07   0.04  14.5  4.5    1.8    0.7    1.4    1.0    0.4    1.2   6.9  starless            
   152   493  183136.9-044830   18.52694   -4.80833  1.90E-2  3.00E-2    0.07   0.04  12.4  1.1    1.2    1.0    2.5    0.7    0.7    2.8   5.1  starless            
   153   500  183138.5-023255   18.52738   -2.54886  5.30E-2  5.90E-2    0.13   0.07  14.5  4.5    1.8    0.4    0.6    0.8    0.2    0.2   8.0  starless            
   154   509  183140.9-020610   18.52805   -2.10283  1.90E-2  3.00E-2    0.06   0.03  25.7  2.2    1.8    0.8    2.1    1.1    0.6    2.4   5.9  starless            
   155   511  183143.3-022317   18.52870   -2.38811  2.20E-2  3.20E-2    0.08   0.04  13.7  1.6    2.3    0.9    2.0    1.4    0.6    2.0   5.5  starless            
   156   524  183148.1-015841   18.53004   -1.97828  1.80E-2  2.90E-2    0.03   0.02  20.0  3.6    0.6    0.5    1.2    0.4    0.3    1.5  11.1  starless            
   157   530  183149.2-013146   18.53034   -1.52964  9.70E-2  1.00E-1    0.47   0.19  14.0  1.8    3.3    0.6    0.6    0.9    0.1    0.1   4.1  starless            
   158   538  183151.1-014917   18.53086   -1.82144  2.60E-2  3.80E-2    0.04   0.02  14.5  4.5    1.4    0.4    0.7    0.8    0.2    0.6  12.0  starless            
   159   549  183154.2-020617   18.53172   -2.10497  2.20E-2  3.50E-2    0.07   0.04  17.0  2.9    1.2    0.7    1.7    0.7    0.4    1.7   6.2  starless            
   160   553  183156.3-015509   18.53233   -1.91936  2.10E-2  3.20E-2    0.01   0.01  29.4  7.2    0.5    0.1    0.2    0.3    0.1    0.2  46.9  starless            
   161   565  183200.1-015540   18.53338   -1.92797  1.60E-2  2.80E-2    0.02   0.01  17.7  3.6    0.6    0.3    1.1    0.4    0.3    1.5  13.4  starless            
   162   567  183200.9-043226   18.53360   -4.54067  2.20E-2  3.20E-2    0.04   0.02  14.5  4.5    1.1    0.5    1.1    0.7    0.3    1.1  10.2  starless            
   163   568  183201.1-022043   18.53364   -2.34536  1.10E-2  2.30E-2    0.02   0.01  22.2  2.8    2.4    0.5    2.1    1.6    0.5    4.1   9.6  starless            
   164   569  183201.2-044311   18.53369   -4.71981  1.40E-2  2.70E-2    0.05   0.40  13.2  1.9    3.3    0.9    3.0    2.1    0.7    4.5   5.5  starless            
   165   570  183201.3-022942   18.53371   -2.49525  2.10E-2  3.30E-2    0.04   0.04  16.4  4.8    1.5    0.5    1.0    0.9    0.3    1.1  10.4  starless            
   166   576  183203.3-015459   18.53426   -1.91647  5.60E-2  6.10E-2    0.26   0.13  14.5  4.5    4.0    0.9    1.0    1.7    0.3    0.4   4.2  starless            
   167   581  183205.5-015529   18.53487   -1.92472  2.40E-2  3.40E-2    0.05   0.03  14.5  4.5    1.8    0.5    1.0    1.0    0.3    0.9   9.2  starless            
   168   584  183207.0-023910   18.53529   -2.65283  4.50E-2  5.00E-2    0.11   0.05  15.2  2.0    2.4    0.5    0.6    1.1    0.2    0.3   8.3  starless            
   169   589  183210.2-022424   18.53617   -2.40675  2.40E-2  3.60E-2    0.06   0.03  14.0  1.3    1.7    0.6    1.2    1.0    0.3    1.1   7.9  starless            
   170   591  183210.9-020038   18.53637   -2.01058  2.30E-2  3.40E-2    0.09   0.03  14.9  1.3    2.6    0.9    2.0    1.5    0.6    1.9   5.2  starless            
   171   592  183211.4-023718   18.53650   -2.62172  6.60E-2  7.00E-2    0.23   0.10  14.3  2.0    2.5    0.6    0.6    0.9    0.2    0.2   5.7  starless            
   172   601  183216.7-021205   18.53798   -2.20150  2.10E-2  3.30E-2    0.09   0.05  13.2  1.4    2.3    1.0    2.5    1.4    0.7    2.6   4.4  starless            
   173   603  183217.5-023149   18.53820   -2.53050  2.60E-2  3.60E-2    0.09   0.07  12.3  2.3    2.9    0.8    1.5    1.6    0.5    1.2   6.1  starless            
   174   607  183219.7-015815   18.53881   -1.97108  1.90E-2  3.00E-2    0.01   0.01  19.2  4.4    0.4    0.1    0.2    0.2    0.1    0.2  57.1  starless            
   175   608  183220.0-023216   18.53890   -2.53789  5.90E-2  6.40E-2    0.29   0.13  13.8  1.7    2.6    0.9    1.0    1.1    0.3    0.4   4.0  starless            
   176   610  183221.8-015752   18.53941   -1.96469  1.90E-2  3.00E-2    0.02   0.01  16.8  1.9    1.1    0.3    0.7    0.7    0.2    0.8  17.8  starless            
   177   612  183222.6-020047   18.53962   -2.01317  2.40E-2  3.50E-2    0.03   0.01  14.5  4.5    1.1    0.3    0.6    0.7    0.2    0.5  16.0  starless            
   178   613  183222.9-021546   18.53970   -2.26286  4.40E-2  5.00E-2    0.22   0.05  17.6  1.1    2.3    1.1    1.4    1.1    0.5    0.7   3.9  starless            
   179   614  183222.9-020529   18.53972   -2.09142  4.10E-2  4.80E-2    0.17   0.09  14.5  4.5    2.5    0.9    1.2    1.2    0.4    0.6   4.7  starless            
   180   615  183223.0-022945   18.53972   -2.49608  3.10E-2  4.00E-2    0.08   0.04  14.5  4.5    1.6    0.6    1.0    0.9    0.3    0.7   7.4  starless            
   181   621  183225.9-020720   18.54053   -2.12233  4.20E-2  4.80E-2    0.16   0.08  14.5  4.5    2.7    0.8    1.1    1.3    0.4    0.6   5.3  starless            
   182   626  183226.9-035047   18.54083   -3.84650  5.50E-2  6.00E-2    0.15   0.08  11.5  4.5    1.6    0.5    0.6    0.7    0.2    0.2   7.1  starless            
   183   628  183228.1-015520   18.54116   -1.92225  1.30E-2  2.50E-2    0.02   0.01  16.8  3.1    0.4    0.3    1.2    0.3    0.3    2.0  14.0  starless            
   184   629  183228.6-015457   18.54128   -1.91586  2.10E-2  3.30E-2    0.05   0.02  14.3  2.1    1.3    0.5    1.3    0.8    0.4    1.3   8.8  starless            
   185   630  183228.8-015000   18.54133   -1.83350  3.00E-2  3.80E-2    0.04   0.03  17.8  4.9    1.4    0.3    0.5    0.8    0.2    0.4  15.4  starless            
   186   632  183228.9-015811   18.54138   -1.96975  1.70E-2  2.90E-2    0.03   0.02  14.5  4.5    1.0    0.5    1.3    0.6    0.3    1.7  10.3  starless            
   187   635  183229.9-014901   18.54164   -1.81703  2.10E-2  3.20E-2    0.09   0.03  13.9  1.0    1.7    1.0    2.3    1.0    0.7    2.4   4.8  starless            
   188   638  183234.3-012544   18.54288   -1.42908  3.30E-2  4.10E-2    0.11   0.06  11.5  4.5    1.7    0.8    1.2    0.9    0.4    0.8   5.9  starless            
   189   646  183238.6-015145   18.54407   -1.86258  1.40E-2  2.50E-2    0.03   0.02  11.5  4.5    0.7    0.6    2.2    0.4    0.5    3.5   7.8  starless            
   190   649  183239.9-015332   18.54444   -1.89247  3.20E-2  3.90E-2    0.07   0.05  15.9  3.5    2.5    0.5    0.8    1.3    0.3    0.5   9.5  starless            
   191   656  183246.8-025337   18.54635   -2.89378  1.80E-2  3.00E-2    0.07   0.04  11.5  4.5    0.9    0.9    2.5    0.6    0.7    3.1   5.1  starless            
   192   659  183248.4-022914   18.54680   -2.48733  2.20E-2  3.40E-2    0.04   0.02  14.5  4.5    1.1    0.4    1.0    0.6    0.3    1.0  10.2  starless            
   193   665  183253.2-023013   18.54813   -2.50378  5.00E-2  5.60E-2    0.12   0.06  14.5  4.5    1.9    0.5    0.5    0.9    0.2    0.2   8.5  starless            
   194   674  183257.3-015024   18.54927   -1.84000  2.80E-2  4.00E-2    0.10   0.06  12.9  2.2    1.7    0.7    1.5    0.9    0.4    1.2   5.6  starless            
   195   677  183302.2-012618   18.55062   -1.43853  3.50E-2  4.60E-2    0.13   0.07  11.5  4.5    1.5    0.8    1.3    0.7    0.4    0.8   5.1  starless            
   196   678  183302.7-023005   18.55077   -2.50142  2.40E-2  3.30E-2    0.10   0.05  11.5  4.5    1.5    1.1    2.0    0.9    0.7    1.9   4.8  starless            
   197   682  183309.1-023325   18.55254   -2.55703  3.60E-2  4.40E-2    0.09   0.02  14.3  0.9    1.6    0.5    0.8    0.8    0.3    0.5   8.2  starless            
   198   684  183310.5-023513   18.55293   -2.58700  1.50E-2  2.60E-2    0.06   0.03  11.5  4.5    0.9    1.0    2.9    0.6    0.8    4.3   5.3  starless            
   199   689  183316.5-025956   18.55459   -2.99897  2.90E-2  3.80E-2    0.06   0.04  14.7  3.3    1.6    0.5    0.9    0.9    0.3    0.6   9.1  starless            
   200   690  183317.8-024903   18.55495   -2.81753  3.90E-2  4.60E-2    0.15   0.09  13.2  2.3    3.3    0.8    1.2    1.7    0.4    0.7   5.2  starless            
   201   695  183340.4-030320   18.56123   -3.05556  3.20E-2  4.20E-2    0.07   0.04  13.7  2.7    1.3    0.4    0.8    0.7    0.2    0.5   9.4  starless            
   202   697  183354.1-034246   18.56505   -3.71303  2.10E-2  3.30E-2    0.08   0.04  11.5  4.5    0.9    0.9    2.1    0.5    0.6    2.1   5.3  starless            
   203   704  183416.7-021619   18.57131   -2.27203  2.60E-2  3.90E-2    0.06   0.02  15.1  1.2    1.0    0.4    1.0    0.5    0.2    0.9   8.8  starless            
   204   707  183432.3-021731   18.57566   -2.29211  1.70E-2  2.90E-2    0.04   0.02  11.5  4.5    0.6    0.6    1.7    0.4    0.5    2.2   7.9  starless            
   205   708  183442.2-022052   18.57840   -2.34800  3.10E-2  3.90E-2    0.04   0.03  15.2  3.4    1.4    0.3    0.5    0.7    0.2    0.4  15.6  starless            
